714
388
1256
1256
388
565
319
1921
2363
764
1256
249
2363
1632
1632
828
1037
388
197
2363
232
958
215
1432
958
1256
958
1632
676
2363
764
1921
1632
645
676
319
1132
1432
39
229
537
676
828
2363
1921
1256
277
2363
2363
1921
2363
107
455
714
1132
537
1921
2363
2363
2363
2363
2363
1921
2363
375
1921
2363
1632
764
714
2363
2363
2363
2363
2363
1632
2363
2363
1132
2363
828
2363
2363
1921
2363
1921
2363
1256
2363
1632
287
2363
1632
899
1632
1921
1256
1256
455
34
1256
2363
2363
1632
1432
537
1921
2363
2363
1921
590
1256
1921
1921
1256
676
2363
2363
1132
2363
1132
958
1037
2363
1432
1632
1921
2363
2363
1256
2363
2363
2363
2363
1632
438
1432
87
2363
513
714
1432
1132
1132
645
537
1256
1921
2363
2363
1132
958
2363
1432
2363
2363
2363
1921
1921
714
2363
1432
2363
1921
295
2363
2363
1632
958
438
2363
1921
1921
1432
1256
1432
160
229
1921
2363
2363
1132
1921
305
295
2363
490
490
1921
2363
2363
215
1632
1037
1256
537
1921
1432
2363
171
2363
127
1256
2363
1432
2363
2363
2363
1632
2363
2363
2363
1921
2363
1256
1432
1921
1632
287
1256
1256
12
1632
2363
2363
958
2363
1632
899
2363
145
1632
958
1432
1921
2363
1921
676
1432
2363
2363
2363
2363
2363
62
1921
2363
1632
2363
1256
1921
2363
1256
1632
2363
102
1256
1432
1632
1432
2363
2363
375
2363
1632
2363
1921
958
1921
2363
1921
2363
134
2363
2363
1632
1921
714
1132
1256
490
1256
1921
714
2363
2363
1921
1256
337
1632
1432
210
1256
2363
2363
828
1037
1921
388
1921
137
1132
899
2363
2363
1256
2363
1632
1632
1132
1256
1921
2363
565
958
1921
1921
2363
2363
1037
1037
899
1921
764
1132
958
1921
565
37
1632
1921
1632
2363
1921
305
2363
2363
1921
1432
2363
1632
2363
1921
2363
83
2363
2363
1921
1632
1921
2363
2363
2363
2363
1921
1921
2363
1432
1037
2363
899
1921
2363
2363
645
1037
2363
1132
764
1921
2363
899
1256
958
1256
2363
2363
1132
1921
1256
618
2363
1921
899
2363
1921
2363
424
1256
676
764
1921
1432
2363
2363
1632
2363
1632
2363
1132
1921
2363
899
676
2363
2363
193
1921
2363
2363
1921
1632
1921
1037
2363
2363
1632
1432
645
1432
1632
221
2363
2363
2363
1921
1632
1256
565
1921
1432
1256
828
899
1921
2363
618
1632
55
2363
2363
565
1632
1432
1432
1432
2363
375
513
407
1037
618
2363
2363
1921
1632
2363
1432
1921
1256
2363
281
1037
1921
2363
362
2363
1921
1921
2363
1921
2363
1432
1432
1632
1921
1921
1432
92
1632
1632
1921
2363
676
2363
1921
2363
1132
899
424
2363
2363
1632
337
1432
1132
565
438
2363
438
97
2363
2363
2363
2363
119
215
2363
2363
1256
2363
2363
1432
474
388
2363
1632
1921
1921
2363
1132
1921
2363
2363
137
407
2363
2363
1132
1037
1132
1132
828
714
2363
1132
1921
1921
2363
2363
828
1921
2363
1632
2363
2363
1256
1632
1921
1921
188
215
2363
1632
899
1921
1921
110
1921
407
1632
1632
714
2363
2363
1256
2363
2363
1432
1432
2363
1921
424
2363
1632
1921
2363
2363
1921
958
1037
2363
1037
2363
1921
1037
899
2363
2363
1921
2363
1132
287
2363
45
1921
1037
1632
2363
1632
1432
2363
2363
2363
206
2363
1632
407
1921
259
1921
590
1432
2363
319
2363
828
958
2363
2363
1256
2363
1432
1921
828
828
1921
1632
1921
2363
2363
828
1432
2363
2363
1921
1921
1132
2363
1256
2363
2363
2363
2363
2363
319
513
2363
764
2363
295
1921
2363
2363
714
1132
2363
1632
1921
1132
1921
2363
2363
1037
2363
1921
1921
590
2363
2363
2363
645
2363
2363
2363
2363
958
2363
201
1132
2363
2363
1921
2363
714
1921
2363
899
1256
474
1432
2363
1632
2363
1632
1632
1921
1256
2363
474
1432
1921
2363
1921
2363
1632
1921
455
1256
1632
1632
828
1432
1921
2363
2363
2363
1921
676
2363
1432
764
2363
1432
1921
1632
1921
958
2363
1132
1037
2363
1921
2363
958
2363
828
2363
1432
2363
1256
1921
645
281
537
2363
490
1921
565
388
1921
1921
2363
1632
2363
1632
2363
2363
2363
1921
2363
145
424
2363
1632
1632
1921
1921
2363
1132
1132
2363
2363
1432
1632
1256
565
2363
1921
2363
1632
2363
714
513
618
1132
1432
764
2363
2363
2363
645
1921
1132
1256
2363
2363
1921
645
1921
2363
1256
2363
1921
764
1632
1921
337
2363
1632
1632
1921
1632
2363
2363
2363
2363
1921
1921
1432
1921
2363
645
537
2363
2363
1632
1921
2363
714
2363
337
565
2363
618
676
1037
115
1921
2363
2363
1432
1921
2363
9
958
2363
2363
2363
1256
1432
1921
2363
2363
1632
455
1921
2363
2363
590
958
2363
2363
1256
2363
2363
2363
1921
1432
1921
1921
2363
1921
1921
2363
2363
1256
2363
1921
2363
2363
2363
2363
2363
2363
899
1256
1432
2363
1256
455
1632
1132
2363
2363
1632
2363
388
2363
2363
1256
958
1921
2363
1921
253
2363
221
1632
2363
2363
79
2363
899
388
1632
2363
1432
1921
2363
1432
1921
1632
1132
2363
1921
2363
1256
1632
1921
253
66
1632
1432
1921
2363
1632
1921
2363
455
2363
362
1432
1432
618
2363
1632
407
2363
277
1432
1432
145
764
2363
375
455
1921
899
1037
2363
2363
2363
2363
618
1037
1921
1632
1132
714
2363
1632
2363
1132
2363
2363
645
958
2363
1632
2363
2363
2363
1432
2363
2363
764
1256
1921
1132
618
1632
2363
828
2363
2363
2363
1632
2363
2363
537
2363
1921
2363
2363
958
1921
2363
1432
1256
1256
2363
714
1632
537
899
764
2363
2363
2363
1632
253
455
958
455
1432
1632
1921
2363
1632
2363
1632
1432
2363
2363
1632
1921
2363
2363
2363
1432
1921
2363
1432
2363
1632
1256
2363
565
958
1921
1921
1037
1256
83
2363
1921
2363
2363
2363
1632
1921
2363
1256
1256
2363
2363
1432
1921
2363
88
2363
1132
1132
1632
332
1921
618
899
242
1921
1921
1921
2363
2363
565
319
1132
160
1632
1256
1921
1921
1632
2363
1632
2363
1921
2363
764
2363
2363
490
2363
899
2363
2363
2363
1921
899
1256
2363
2363
958
1632
2363
2363
2363
958
1256
1921
2363
2363
764
1921
1632
145
232
2363
295
490
676
714
1632
1921
565
362
1921
1921
1921
2363
2363
2363
1632
118
1037
2363
2363
1132
2363
2363
2363
1432
1037
78
235
1432
1037
1037
2363
1632
2363
362
259
828
513
590
474
2363
2363
2363
2363
1256
2363
1256
2363
259
764
1132
618
2363
1432
899
2363
1921
2363
537
4
2363
2363
312
1256
2363
1921
1037
828
407
2363
2363
1432
1632
1432
2363
618
2363
958
1921
1921
1132
828
828
2363
388
2363
1632
1256
2363
2363
1432
2363
1432
1632
123
645
2363
1037
676
1432
1921
29
1432
1921
2363
828
2363
1632
1632
1921
1132
2363
1921
2363
1921
1132
362
134
2363
1432
2363
1632
2363
1037
1132
1256
764
1921
2363
49
1921
828
958
1132
2363
1432
1921
1921
1256
1632
2363
375
2363
764
2363
899
2363
2363
1432
2363
375
2363
2363
1256
958
2363
2363
1632
1632
1632
2363
166
590
899
490
2363
714
2363
312
958
1432
1921
1632
490
1632
1921
1132
1132
2363
1632
1632
1921
2363
2363
1256
92
1632
490
764
958
2363
2363
92
2363
2363
2363
1132
2363
1921
70
2363
319
714
2363
2363
2363
764
2363
958
1921
1632
2363
2363
1632
2363
2363
2363
66
2363
2363
2363
1921
1921
1256
899
2363
2363
2363
537
2363
1921
1432
438
1921
1921
1921
1256
1132
2363
1921
618
828
1921
357
1632
899
1432
1921
1037
2363
2363
253
287
1632
1921
1921
2363
828
1132
2363
490
1432
2363
2363
2363
1921
565
1432
2363
2363
1037
178
1632
828
2363
2363
24
1132
764
1632
43
2363
2363
618
1256
676
1632
1632
2363
1632
2363
1432
1632
337
2363
407
2363
1256
438
1632
2363
2363
2363
2363
2363
1037
590
1921
1921
1256
362
1037
2363
337
1632
1921
2363
2363
2363
1921
1256
1256
1256
645
2363
899
2363
197
1921
764
2363
249
1256
193
76
1132
1921
2363
1037
1256
2363
828
155
1132
1432
1921
1256
1432
1921
1921
2363
1037
1256
1432
828
287
714
1921
1632
1132
2363
1921
2363
2363
424
676
2363
1132
1921
2363
2363
1632
1632
1432
1921
1632
1432
1037
490
36
1432
2363
1921
1432
958
645
1632
537
1037
1921
828
2363
537
1256
1632
1921
2363
618
958
1132
1256
1632
155
1921
1921
11
388
1921
1432
1632
1632
645
2363
1037
2363
1256
1921
1632
115
1432
1632
21
1921
1632
1432
1132
242
2363
764
2363
490
2363
714
1632
2363
958
714
1632
357
210
2363
537
388
2363
142
1132
1632
215
1432
1921
2363
1432
1037
438
1432
2363
1256
1921
2363
2363
2363
828
2363
1921
1256
590
166
2363
2363
362
1632
2363
714
764
1132
828
537
2363
253
1037
1632
2363
23
1432
1132
2363
155
1432
1632
1432
1432
287
1921
424
2363
1132
2363
474
1037
1921
171
2363
714
1432
2363
2363
1921
1256
2363
2363
1632
27
1921
1632
1256
2363
2363
899
958
1921
1256
958
2363
899
2363
1256
714
1432
714
1432
2363
111
899
1632
2363
69
455
49
2363
1921
1632
1921
2363
1921
113
2363
1632
474
1632
590
2363
958
2363
2363
958
1132
1921
958
1921
828
2363
1921
1256
1921
2363
899
1256
2363
1632
2363
513
281
676
899
714
2363
1632
295
1632
2363
1632
1632
1921
828
1432
958
2363
2363
1037
1132
1132
2363
2363
565
828
1632
2363
1632
1632
2363
1256
1921
714
1921
618
1921
2363
2363
1256
1037
1921
1256
1256
26
828
513
1921
590
2363
2363
2363
1921
1432
1632
2363
2363
2363
2363
2363
1921
764
676
1921
1132
1632
2363
424
1632
2363
513
2363
1921
2363
764
1921
438
357
1132
764
1432
2363
1432
1921
714
1921
375
1037
2363
1256
1921
1256
2363
2363
2363
137
1256
2363
2363
1132
2363
1256
2363
1432
2363
1632
1632
1256
1632
958
2363
193
1037
55
174
1632
2363
676
676
1632
16
85
513
1921
1632
362
2363
2363
2363
2363
2363
1921
1921
388
424
2363
305
1432
2363
676
1632
1921
828
2363
490
645
828
2363
1632
2363
1632
259
2363
2363
1132
1632
1432
1632
1921
1921
1432
2363
337
1632
2363
1432
1132
2363
2363
645
2363
1921
2363
1037
2363
455
160
388
2363
1432
828
188
676
259
2363
424
1432
1256
97
2363
2363
2363
1432
2363
2363
2363
221
1921
2363
474
513
1921
676
2363
958
2363
1921
676
1921
676
1132
1921
590
1632
1632
1921
2363
2363
2363
388
513
1432
1921
1132
1632
618
235
714
1632
2363
1256
2363
1632
1632
2363
764
1921
119
1132
764
2363
1132
1921
2363
123
2363
1921
764
2363
270
1037
1921
1921
1921
2363
1432
2363
2363
1037
1921
1432
2363
1256
1432
2363
1256
1432
2363
1632
828
2363
1632
1921
2363
490
407
958
2363
958
1921
2363
2363
2363
1921
2363
899
388
1921
1921
2363
2363
438
2363
127
828
295
1632
1632
1921
2363
106
1132
1632
2363
2363
1921
1632
2363
1921
1256
2363
2363
1921
513
362
312
235
1921
1921
1921
1432
1632
2363
1256
1256
2363
2363
1632
2363
676
1921
375
1132
319
1432
1632
1256
424
2363
2363
155
1632
537
1632
1921
1921
1632
277
1037
2363
2363
1037
958
1921
2363
312
714
2363
1632
2363
958
1256
1921
1632
828
1432
1632
1132
375
2363
676
1256
513
1921
1432
2363
1256
1132
1632
1432
1256
1432
1921
2363
2363
2363
1921
362
145
281
590
2363
565
1921
305
1632
513
270
2363
1921
490
229
1256
1632
100
2363
537
2363
958
513
2363
1432
1632
764
1921
1432
2363
2363
2363
1432
1921
2363
2363
1632
1037
1632
764
1921
2363
1256
1132
1921
2363
1632
2363
1921
1432
1132
1632
1921
618
1632
1432
1132
764
1037
2363
2363
958
455
350
337
1037
1037
899
350
1432
1432
2363
2363
2363
1632
1921
1921
1921
645
474
537
1632
259
828
1256
2363
1132
899
1037
1921
2363
270
1256
332
1432
350
1632
174
1632
375
2363
1921
1132
958
1921
958
1921
2363
270
2363
61
166
828
103
1432
1432
1921
57
305
2363
1432
1632
1632
100
590
764
2363
1037
150
1921
1256
1037
1037
2363
287
2363
1256
1921
1921
590
2363
828
764
1921
1256
1632
2363
1921
714
438
2363
714
210
206
590
357
1921
1432
1632
2363
537
1037
64
1921
1432
2363
2363
1921
676
455
828
2363
1037
590
2363
828
1921
1132
1632
2363
1256
1921
958
1632
764
1921
764
958
2363
2363
1921
1921
676
958
899
645
2363
1432
1921
828
1132
221
1921
221
127
1632
828
537
828
1921
899
2363
1921
828
1921
1132
1921
1921
127
1921
126
828
1256
565
513
2363
2363
958
1921
828
676
1632
1921
1037
1632
1921
1632
1921
1256
899
1256
1132
1132
137
1921
1256
714
1256
2363
150
259
2363
127
1921
537
2363
1256
899
1921
676
1037
1132
2363
1132
1256
17
210
828
1921
1632
1132
1632
513
2363
2363
1037
1921
1037
1921
97
618
2363
407
232
490
17
474
2363
828
1632
1632
1037
2363
2363
958
1921
1256
2363
2363
103
70
1921
645
958
1632
375
305
424
590
2363
2363
764
1037
1432
270
1632
958
958
259
2363
1037
1132
1432
1921
1256
1921
1256
1132
2363
1632
828
1921
1921
958
1037
1921
764
388
1432
2363
2363
1037
1921
424
2363
1921
2363
1432
1256
74
1432
1921
407
958
1132
2363
1432
375
1921
1432
1632
1432
1921
1256
513
249
1632
1432
1921
764
1632
764
1632
193
438
1432
2363
1037
1921
565
899
1037
1132
1921
259
2363
319
1037
1921
1432
1132
1432
2363
1256
438
676
2363
2363
1037
1256
764
1432
1432
714
88
490
1921
2363
1432
1921
2363
407
1921
1921
2363
714
2363
1132
2363
714
1432
590
1921
764
1432
1921
1132
1921
565
1256
2363
2363
54
590
565
1132
1921
1132
1632
1921
1632
1432
1921
899
2363
618
958
828
312
490
319
295
958
1256
178
85
645
1632
2363
714
1037
1432
1256
828
899
1921
2363
1432
764
88
46
1632
2363
1037
1132
1632
1132
490
828
1037
1132
590
48
1256
2363
899
1632
1921
958
164
305
319
645
407
20
1256
2363
764
1132
178
645
242
958
1432
2363
1132
1921
1921
828
1432
474
319
1632
1632
2363
2363
1921
332
1632
1432
1432
1256
2363
178
2363
166
2363
537
1921
1132
51
899
1256
1432
958
1921
1921
1632
714
1256
1632
1432
676
490
618
31
958
828
1632
1632
1632
645
958
714
513
828
474
2363
185
1921
249
2363
188
388
1432
899
1037
2363
424
1256
2363
590
438
1632
2363
455
764
1921
174
1921
1037
19
565
1037
1921
1921
1432
828
2363
1632
455
235
112
828
1632
1037
295
1432
1921
1632
1632
714
1921
1632
1432
1432
2363
2363
142
1037
714
537
1632
590
1037
645
188
2363
407
1632
174
2363
2363
1921
764
357
1632
764
1921
899
1632
513
1432
1921
1132
899
332
350
828
1632
2363
1921
899
319
1432
281
1632
2363
1632
2363
590
2363
1256
714
474
645
1632
2363
618
590
1132
1256
312
764
899
828
1432
362
714
1921
1921
1037
1921
221
7
287
645
1921
1037
764
375
160
206
2363
1921
188
115
828
590
337
2363
899
1256
828
1632
2363
590
565
2363
312
203
113
1256
676
490
2363
828
2363
537
2363
438
1037
2363
2363
1037
2363
121
1921
2363
1921
2363
43
13
676
1632
2363
2363
1037
134
277
474
899
178
714
1632
2363
1432
1921
714
2363
407
2363
714
2363
1921
565
350
2363
565
10
2363
764
332
1921
281
79
1132
899
203
92
676
242
53
513
152
221
1921
1921
109
1921
178
958
1921
828
33
1921
1432
828
828
107
210
1432
958
1256
1256
164
2363
1921
1432
1256
178
1432
2363
2363
1632
96
1921
1632
899
221
1432
513
764
618
88
2363
2363
1921
590
764
764
41
1921
203
2363
2363
537
6
2363
1432
1921
2363
958
1921
259
1921
1256
22
1921
2363
455
59
676
1632
1256
1256
295
1432
121
537
1921
1037
490
34
676
1037
1432
958
899
1921
2363
25
1632
1632
202
337
1921
79
899
2363
2363
2363
1432
142
958
388
1921
2363
714
1921
0
1037
40
1921
590
2363
1432
645
1132
1921
537
1921
133
1921
1256
253
2363
1921
2363
2363
295
714
455
2363
270
337
1037
65
185
828
618
337
2363
899
1432
37
103
2363
1256
1632
2363
2363
5
1432
1921
235
1256
1132
32
1632
1132
1256
2363
1921
424
1921
1037
2363
66
1132
2363
2363
2363
1256
764
645
2363
2363
1432
2363
958
1632
764
319
407
513
1921
1921
2363
1256
1632
47
2363
1132
1432
166
2363
242
676
2363
490
1256
1632
645
899
565
958
438
1921
1256
764
513
2363
1921
1256
474
337
1432
1132
82
618
1432
1921
899
438
455
764
57
1037
1632
2363
828
1256
350
2363
59
828
1632
618
618
2363
2363
537
455
618
1921
764
235
1432
362
1
8
27
197
2363
242
1132
171
1921
270
185
407
1632
1432
2363
1632
764
1432
2363
676
645
1256
1132
958
764
259
1632
1632
1037
1921
1921
764
2363
362
1132
3
1632
1256
2
1432
1921
2363
206
42
2363
29
123
1921
1256
1632
958
2363
242
2363
350
1432
1132
1256
714
474
235
474
899
137
2363
155
1632
1432
152
74
1921
73
1132
1632
565
899
197
714
2363
2363
958
14
15
2363
1256
127
2363
1632
1432
1256
958
2363
1632
1132
70
764
2363
1921
1256
1037
215
2363
2363
152
2363
1132
1921
1921
2363
645
438
2363
63
1632
76
388
764
1432
407
1256
52
1256
