1853
1872
1631
1036
1698
1028
2348
366
121
699
478
1333
207
289
252
471
899
1670
4557
151
1938
1032
2133
607
859
271
697
314
74
96
580
58
189
474
1915
1611
271
224
5535
1713
767
744
716
437
27
399
3492
12
24
210
171
2874
1313
813
2367
534
144
41
58
58
82
386
144
110
989
828
46
337
1444
1847
11
136
14
14
466
100
29
66
299
319
613
26
103
284
219
166
27
687
32
520
2710
114
152
454
74
17
240
11
848
3863
216
50
435
343
166
428
27
229
97
554
920
275
205
23
269
208
55
11
109
208
363
364
657
133
742
39
841
30
10
231
220
12
168
86
594
812
376
4489
110
3335
779
773
26
473
1932
1156
523
911
78
80
633
962
5
303
123
58
52
738
62
493
16
80
19
62
3298
121
99
378
46
577
39
75
227
54
266
104
2981
1729
18
86
65
545
134
5606
1030
6
895
1365
274
13
64
3168
140
341
175
901
272
170
23
3385
68
1289
139
50
31
62
42
267
81
216
20
27
151
80
290
1240
28
129
543
669
731
790
122
10
214
146
246
241
1030
33
4228
1407
384
45
62
169
178
605
67
5
45
16
76
9
7747
205
6
28
16
465
24
34
115
27
230
3235
370
67
87
213
432
36
1161
20
28
9
49
541
31
74
129
81
3640
16
113
114
24
453
161
255
244
53
383
734
15
312
440
126
344
571
152
1911
1464
19
12
614
972
522
821
57
2846
1010
306
56
42
159
73
117
192
95
262
166
40
3799
612
89
128
27
91
769
377
1144
71
1202
380
1236
326
484
4950
142
132
281
289
136
1924
20
137
240
540
208
29
94
144
9
3129
14
6
16
93
35
18
6
19
15
91
98
26
146
163
20
581
315
19
190
2685
298
303
414
536
873
7
207
89
313
154
39
85
85
450
179
678
6
891
211
26
6
10
731
98
1301
202
204
95
27
69
61
58
30
75
540
494
438
533
510
45
351
1979
165
20
9
27
19
337
960
26
8
303
576
1388
207
191
1459
84
54
90
172
659
1373
989
193
138
69
478
1002
263
155
395
468
3184
72
4
1439
314
704
359
34
22
2089
247
608
204
276
149
91
31
270
50
87
794
71
8
573
156
546
31
932
134
21
155
329
31
75
257
73
904
201
22
110
3686
69
116
36
7
1766
101
430
7
2544
261
1187
24
690
284
1425
65
343
1862
800
91
901
1236
14
8
3
180
3312
2444
7
227
195
61
75
274
1497
1281
3
30
84
51
18
180
41
21
46
478
691
26
9
329
175
978
2522
786
1087
12
1177
59
203
120
17
908
130
67
258
51
9
36
221
112
27
2980
1407
273
68
297
54
52
5992
145
839
367
206
1561
20
48
92
40
172
324
158
49
397
207
73
239
48
106
61
152
102
650
101
678
152
372
309
651
15
26
410
29
61
1741
14
7763
43
320
181
6
319
668
29
33
10
4199
266
425
1655
92
2332
43
1242
90
7
1372
230
345
273
5
575
1088
4
803
97
443
214
53
327
44
22
71
409
67
15
682
31
147
500
27
193
239
115
73
126
68
333
1851
101
753
91
2627
93
8
100
2811
326
406
208
93
668
46
224
29
308
10
30
35
63
16
49
75
334
11
13
12
93
580
20
1581
24
54
37
190
21
213
92
122
1080
459
1908
189
48
41
5
24
252
112
215
4
1080
199
240
40
30
283
172
42
483
132
174
139
1249
203
27
10
13
31
134
559
8
711
155
40
216
134
1321
377
596
17
87
469
46
218
16
1138
52
297
6
631
98
182
245
449
2167
1402
356
227
150
1617
983
46
463
3
161
37
54
76
4
20
65
2
2394
363
9
450
551
239
315
3
54
256
5
122
43
387
188
662
16
18
103
13
7
522
630
299
470
563
593
22
25
503
224
208
319
52
6
33
54
394
286
20
541
57
12
469
85
16
1748
3
266
123
119
36
24
34
16
14
43
72
1397
114
98
325
1110
30
23
236
197
83
500
135
910
1056
79
614
1257
790
2400
55
34
15
990
5
10
9418
365
14
187
31
913
798
7
51
253
235
479
20
37
9
2195
579
9
10
20
48
57
63
32
56
110
8
35
121
24
83
19
105
10
20
13
11
14
20
19
18
748
236
219
8
86
275
57
126
16
39
109
20
1177
21
82
612
274
370
17
124
1826
19
550
461
31
194
2594
28
390
424
69
3
205
84
18
56
193
32
457
20
26
31
64
218
273
859
4593
59
768
38
14
408
41
58
1871
8
169
20
687
412
6
28
1316
37
300
329
62
1519
317
13
3890
586
197
1897
120
39
132
15
28
384
513
495
40
152
2049
8
121
18
210
194
58
2279
268
21
8
30
18
10
52
40
30
324
77
72
55
480
138
87
494
188
80
12
142
8
8
1515
31
122
5
14
221
52
4
88
107
195
169
2135
64
444
195
588
51
74
8
270
3330
1259
185
1203
191
48
45
17
265
39
177
435
190
22
162
111
165
85
32
227
81
72
391
10
53
276
309
1986
341
188
202
382
356
7562
46
301
9
8
143
576
136
108
302
106
45
10
193
252
53
3527
39
539
141
23
2172
354
542
252
1933
54
40
36
19
162
451
2178
160
3722
216
1041
54
8
135
29
190
18
34
60
363
103
37
926
41
520
23
16
44
21
400
208
222
22
381
58
169
110
76
50
869
54
153
32
153
20
233
2136
1414
22
1549
267
273
269
200
28
234
629
95
177
70
96
15
182
308
3686
349
41
22
258
36
9
11
76
1106
2350
1687
91
220
228
186
125
25
876
561
181
789
242
687
18
4
34
45
153
170
27
128
1072
594
130
561
4
13
151
66
373
241
185
11966
83
53
1561
1061
64
217
69
112
2098
131
39
263
235
41
22
322
13
289
35
131
294
221
132
72
457
1
161
99
3
83
110
19
222
658
1410
1369
18
245
1873
267
141
8609
186
615
24
846
18
287
243
230
811
421
56
113
23
568
611
2573
15
211
7
278
75
427
419
81
782
70
849
6308
242
870
219
665
9
488
14
394
201
62
13
1096
100
1345
30
376
11
29
37
36
2023
3
55
245
251
38
4
797
14
46
45
9251
1021
293
374
67
244
22
2292
73
299
183
115
530
51
327
164
151
24
144
1424
19
127
58
159
2318
57
508
489
252
17
19
2995
137
287
18
218
132
101
1619
83
1254
806
8
65
64
551
15
1252
105
189
50
75
60
37
76
42
3728
1
63
60
85
1187
115
823
14
120
36
906
131
74
88
1446
126
107
17
68
119
95
471
135
374
241
1878
6
55
37
123
189
213
54
1150
1019
110
20
107
11
234
782
26
330
115
14
2
155
250
335
252
20
17
146
3330
133
471
46
4
9179
215
456
135
4971
573
134
497
91
236
76
115
163
377
8
686
28
1680
63
1539
28
217
724
48
11
40
14
17
104
730
718
243
85
1237
567
472
18
1986
169
24
7
27
17
192
479
127
91
254
19
229
95
1155
103
259
20
1643
70
1780
2752
800
18
3
778
272
9
255
3048
82
129
13
491
29
69
14
10
120
28
372
184
1616
213
13
17
510
46
122
7
136
82
791
4
950
71
60
31
86
251
44
33
657
74
258
399
3987
86
7
31
282
74
442
87
585
464
237
279
10
323
54
290
135
8
685
714
237
295
400
2769
288
38
8468
1474
130
248
55
200
414
51
493
14
80
80
140
2507
360
122
4737
74
11
64
188
1017
34
444
62
559
11
762
89
14
244
498
41
497
1081
18
559
116
77
1130
365
135
1070
133
102
8
83
118
835
327
52
347
46
39
11
38
206
40
21
176
1247
2145
23
34
1261
141
253
308
671
109
1016
552
71
1276
111
60
59
5093
123
265
21
3090
136
37
97
164
2525
86
1361
56
237
9
1587
376
2
2880
36
326
202
124
4
67
328
33
24
234
7131
40
62
260
37
12
185
225
63
161
198
4
423
8
1582
642
32
208
217
35
5422
339
602
5
4160
732
2427
16
57
35
154
7
489
1040
6
34
1476
104
1397
52
226
32
52
193
244
134
623
43
276
93
267
61
250
14
467
905
16
44
183
148
1520
911
152
312
23
31
803
24
75
77
624
22
292
603
217
17
25
75
232
65
55
15
710
357
48
125
138
189
83
1478
70
446
43
1131
29
4
58
220
416
78
65
118
1508
1049
993
89
367
16
33
21
75
220
604
15
27
4
13
20
82
537
162
42
148
221
10
591
77
6
322
7
44
15
1322
240
1627
2501
128
468
148
6
279
20
158
142
907
208
21
57
46
39
36
10
147
1174
253
21
39
205
79
426
4
124
38
89
487
27
35
494
14
3781
124
1161
2132
179
17
437
1649
155
13030
1838
218
251
59
328
64
59
23
2
40
66
18
739
209
28
1139
43
34
435
91
46
177
1
1177
1189
493
77
63
76
294
1710
44
3
58
39
72
66
232
17
773
9
2275
371
169
453
244
78
6
1566
77
214
105
146
8
401
4101
365
13
106
188
766
481
872
56
327
185
171
1237
137
35
1
164
21
16
468
2528
97
28
879
570
103
1224
97
91
45
22
543
25
1101
588
190
380
97
106
137
148
63
375
1662
507
85
221
289
39
528
2692
301
45
14
320
130
95
23
21
514
11
3363
70
326
16
84
213
13
2868
8
49
933
182
642
455
259
63
255
31
48
43
17
451
44
672
25
107
10
214
346
210
138
47
406
10
526
50
285
930
641
323
5
285
32
63
11
7
15
19
42
572
183
46
142
18
548
65
2923
440
872
224
227
87
14
2278
713
33
46
25
184
24
490
96
709
10
129
123
1642
1670
932
2641
83
328
20
376
130
10
390
547
36
20
90
73
1403
204
528
200
1353
285
145
344
457
5
18
1590
405
1240
134
18
113
63
1270
413
18
55
1161
30
72
51
545
2705
4
60
15
170
127
76
33
567
861
39
495
721
25
936
174
579
32
515
57
85
82
116
259
21
28
124
78
9
86
195
407
461
2211
1362
7
381
274
1165
79
1290
901
36
5
1184
915
383
160
1219
25
420
23
335
954
33
85
49
104
217
117
12
133
150
68
22
9
37
56
707
5
93
92
113
14
1032
398
163
49
5
326
558
623
97
1326
355
295
17
22
82
20
69
57
52
458
104
262
2580
199
644
138
1255
236
20
36
81
105
307
78
34
838
137
2407
113
2881
2756
401
14
69
1597
14
423
177
17
318
36
4
39
119
22
40
550
23
616
2694
579
30
57
277
38
41
162
388
307
446
181
12
542
22
432
55
43
119
120
1753
40
1183
482
65
1723
3433
48
1498
171
1261
270
176
72
221
148
162
208
290
42
1893
195
880
33
20
137
23
221
45
513
9
285
161
1019
28
88
26
20
95
13
6799
243
87
86
17
215
41
3533
601
17
1426
2826
13
64
15
17
34
355
25
14
3382
95
298
32
1130
1053
10
23
277
383
29
1367
44
375
596
259
210
147
637
4
80
219
46
134
133
674
96
11
103
63
17
808
27
56
237
10
30
87
14
31
364
480
35
35
90
46
32
125
368
83
315
53
419
11
320
153
10
381
4
196
197
4021
50
163
1729
87
3
1870
5840
163
64
113
204
146
304
450
135
1384
2782
708
488
126
17
45
347
97
13
24
293
160
6547
51
33
98
38
49
6
1316
70
20
877
969
2204
866
4958
319
17
140
11
1591
68
93
26
17
32
63
156
193
61
14
437
3566
16
1667
32
50
104
29
104
838
64
84
17
527
322
1033
235
38
20
407
2068
164
657
250
138
80
80
664
50
237
213
246
1328
38
127
135
522
32
16
1444
239
182
79
512
40
1225
176
10
374
25
1609
3046
274
192
35
2759
17
82
383
61
174
896
159
577
23
1454
202
69
292
1074
423
15653
1418
199
26
26
757
364
1002
2254
6
7
57
31
89
8
6
237
6
50
146
222
19
103
69
9
1691
117
1290
35
27
468
11
13
282
80
356
2901
118
2919
141
37
65
2327
49
1035
16
2046
7
22
29
1730
222
21
493
228
21
305
15
6
31
1585
8449
1718
27
12
8
24
45
50
46
213
53
25
9
2520
904
2848
3419
1392
1246
1032
1797
6929
170
1049
31
1033
380
1120
3065
3264
2276
22
14
2960
4771
500
7480
1168
13
7
4917
1051
3780
2768
2708
2235
20
416
3033
107
39
269
387
139
106
3226
885
1557
957
667
1434
487
358
752
704
397
280
9909
1618
610
339
471
92
72
3575
156
329
1245
234
1945
118
631
83
2576
152
2396
22
96
45
172
38
3163
259
6564
172
3364
6286
931
2101
1656
39
114
9
1005
2104
535
26
185
3053
2456
2056
22537
1576
92
23
1765
13
1417
1022
13
147
670
14
12
2332
853
2303
40
10000
3345
695
287
255
50
1470
478
176
85
2547
34
53
93
282
84
4256
26
199
479
736
1684
207
102
672
660
146
509
1846
105
2202
304
587
526
505
89
342
70
376
1223
29
25
66
158
17
34
867
2630
831
1391
195
2428
27
2663
59
12
187
9
1622
644
122
50
2545
838
1205
73
8
329
51
3660
87
53
78
94
34
3031
15
21
29
171
42
1844
7
590
1024
162
185
65
1601
121
20
275
3679
1620
43
558
223
1450
912
1811
1117
45
3356
3326
557
1991
69
27
19
550
342
579
666
466
650
163
614
723
3358
1453
3058
77
459
5849
1091
3045
852
219
10
4786
673
1496
15
66
1066
1128
29
1122
2348
6988
446
369
564
2
1161
90
1842
26
399
197
386
26
70
148
2254
415
11
39
14
4023
16820
932
148
2
51
132
3559
1644
1483
975
2996
411
318
130
47
1064
515
39
897
38
1358
300
55
275
811
59
670
16646
15
859
356
43
2943
6626
192
550
1989
2370
571
729
2999
1436
1685
515
98
134
2716
178
1106
447
113
458
7701
205
703
676
174
1259
2101
511
182
855
138
1587
136
22
79
279
2595
121
14
32
169
5689
80
100
1212
2716
803
921
121
895
3328
119
20
138
419
399
311
5079
30
1525
29
9
273
32021
2
437
62
38
327
764
800
38
72
8524
3
191
1584
3078
1154
49
668
166
727
425
1239
653
51
623
527
4228
706
516
453
509
654
328
13
13071
15
110
2701
567
11
3630
489
109
13
19
70
3986
298
465
59
10
443
22
21498
204
3987
105
1889
5
189
512
232
162
1213
26
2623
37
163
474
45
1095
59
39
932
920
331
143
1696
2858
330
6377
5516
1239
1400
1064
66
454
21
591
886
20
366
64
5
201
9711
104
114
2352
238
309
2080
202
126
155
12
38
461
238
145
168
3974
106
11
8
42
1090
925
504
12
17
95
73
320
46
314
1147
825
1138
19
4
25
78
45
3155
36
614
112
745
32
2650
583
47
1925
498
145
1136
430
548
331
805
122
119
429
1022
15
28
57
3657
620
7
42
3253
1851
275
182
412
746
881
155
2506
73
130
7
58
204
385
46
7009
154
37
275
726
26
47
398
1765
292
105
479
1217
354
1204
17340
11168
3054
9726
11
1511
220
962
34
2638
1452
686
59
57
49
121
94
204
25
165
218
116
748
474
638
1274
18
261
411
56
92
555
38
1241
378
15802
185
120
36996
49
47
98
2996
4150
27
6303
1280
93
447
107
840
11
3243
10
1592
249
462
662
157
259
1342
710
653
1280
59
1242
712
218
5200
2168
97
2944
281
150
493
1082
2430
730
17
24
88
10354
14125
9
59
2568
14
83
62
116
29
112
59
162
4469
161
34
126
206
230
2584
51
26
1813
21
202
38
152
108
514
660
10
2391
98
4852
1296
75
414
1095
50
2626
382
