248
225
450
429
417
341
330
2028
1374
1000
1344
337
2078
1585
970
1141
756
265
134
1541
353
638
304
242
1134
2078
647
938
1801
1880
949
2739
1679
528
539
477
878
1863
146
490
692
1072
868
677
3031
1285
108
3112
2019
1293
1765
289
925
910
232
1141
2806
3183
3055
2817
2302
2128
2212
2974
542
453
2694
1122
245
594
3036
1271
2752
3047
1480
1745
3016
2609
965
1765
297
3112
1585
1428
1642
1168
2404
954
3098
1510
658
2169
1491
1030
2139
2495
1622
2078
858
182
1402
2251
1841
2019
1928
1543
1717
1859
1603
1582
236
1210
1641
2770
2005
1081
2401
2776
1301
1210
1337
1406
821
1299
1293
2188
1007
1855
2961
1220
1527
3000
2417
1402
941
752
2041
100
1736
636
855
278
2642
1731
183
526
1527
529
2225
2260
1352
810
3207
1075
1422
1699
2554
599
3149
1778
3128
1553
2308
1329
275
1774
1741
1329
2355
1311
2793
2825
1999
1710
943
1793
154
590
2863
1872
2477
1179
2206
39
162
3149
648
483
1234
2703
2426
175
1982
1731
1519
952
1680
1658
3016
156
2660
376
932
2298
2417
2330
2041
2059
2554
1755
2793
2839
1565
2651
1374
675
2287
2147
659
1817
1582
1357
1793
3008
2616
2246
1658
1883
550
2885
130
743
1297
2529
1826
2106
889
1082
2139
3073
2404
2616
1717
2825
62
1573
3191
3112
2694
1500
2974
2287
1642
2624
1713
719
1717
2703
2616
1589
1099
1653
783
3140
3008
3140
2373
1402
1850
2078
2477
1505
87
2342
2287
1741
2684
681
1747
825
1131
2588
1553
888
3079
1279
2517
2616
758
432
1883
518
646
3098
3055
968
1024
1007
799
2113
80
1263
1445
2085
2390
1491
2508
2401
2721
1268
2023
1982
2793
167
982
1883
1568
2993
2122
824
2070
849
1465
989
1291
428
1391
1104
56
2153
1989
986
1485
1603
863
2251
2096
1792
1092
2169
3036
2180
2441
2752
173
2721
3112
2319
2194
1771
2903
3106
2008
1863
1000
2225
2916
1523
2342
2477
775
1034
3098
1817
94
640
2293
1087
1188
2028
3140
938
2005
1417
1694
2533
2136
2268
1266
1043
1667
2926
841
1131
2974
3188
3191
761
1452
329
1479
2016
2404
2616
1536
1042
2059
2147
2926
779
1007
855
508
554
2178
628
239
2260
3036
2825
2770
2677
894
653
2848
3140
1197
719
433
1911
1049
308
2468
2533
331
2668
1619
756
669
2308
2101
1731
1117
638
1596
1813
749
1089
118
2728
2739
1154
2028
611
1614
2752
2728
485
1154
792
1271
668
1950
2164
2703
1283
2926
1306
1043
2495
3207
597
1826
1426
2848
878
2169
2873
1600
1297
2926
2041
1500
2330
422
1850
3055
1213
462
2631
1252
2268
2916
314
1931
1244
3055
295
420
901
1970
814
1087
541
1841
1048
384
1176
2251
1036
120
2961
2940
3173
1982
88
44
2839
1059
1166
2347
1592
1307
598
392
3207
2903
2468
2806
2954
1225
2776
2721
1765
547
1026
2041
2028
1064
1385
684
354
1160
474
3173
843
2412
2169
1559
2477
1458
2441
2651
1925
1577
3173
2873
477
1835
2502
45
439
1890
3000
1997
2694
1614
188
1783
1026
964
2739
344
2396
3087
2577
3112
2180
1519
1119
2234
1965
1095
3033
1539
2588
2517
2601
1635
2188
947
2246
1863
2974
1262
1452
674
2448
3112
1252
2703
2194
460
2885
49
2194
1890
1422
3191
1061
1095
2404
2194
2825
74
1626
1352
261
2147
276
1420
1608
1534
2986
296
1855
1667
1393
3149
1726
1018
2793
843
2012
1771
1095
2684
1562
2019
2085
2631
584
2282
3016
1182
3163
1745
2139
3033
2366
1364
1539
2468
1430
2330
741
139
1395
469
1622
298
1804
3167
1228
310
1188
1049
1810
2675
1120
2070
1519
3112
2739
2961
3098
2382
2752
2940
2251
1603
1180
3191
2940
2541
2180
1022
2863
492
2139
2078
2752
1817
2677
1318
2436
1680
837
1163
386
1804
3047
2502
1667
1945
2265
2533
909
3207
387
1793
1765
2703
2234
2302
2206
2436
86
2276
1577
2684
401
1568
2164
2903
3191
2554
2426
1285
3008
779
1099
2206
1282
1331
829
1635
1364
3016
1833
1778
2668
2138
3112
769
2517
1361
2986
1080
2359
2330
2212
725
790
1052
1875
2178
1310
941
451
2373
1531
3182
2546
2382
2765
2675
2839
2660
1357
3173
155
580
2660
1290
1010
1010
2180
3149
1437
1230
3167
2169
2954
1094
1688
747
2616
2677
2131
2651
3136
1089
1339
1237
1696
802
1551
2812
2940
2116
979
784
1505
2568
3149
2660
2128
2554
1415
2961
822
2302
1954
707
1437
2194
1154
3207
1673
2050
2090
2194
1633
1680
2106
1954
1559
1673
559
1931
1890
898
315
1437
2417
1072
1872
1653
1452
1633
1428
850
1747
1234
443
545
227
2066
2961
3149
1472
3183
3016
18
1402
2739
2008
2885
603
987
2703
2916
1000
1159
357
2855
2533
3206
313
1565
3016
2940
2169
1911
2541
1675
2136
1934
1206
2873
2462
1592
2113
1546
2739
1167
2577
2468
2508
2974
2426
2546
2642
2533
1508
1688
2373
3199
1688
842
2457
2373
2752
3079
1437
2651
625
2164
1928
1038
1161
1491
3094
1447
290
2839
1877
645
1821
2660
54
3000
740
473
2533
3149
1546
2601
2839
2554
1656
2390
1232
2577
2885
2974
1397
989
1645
1318
303
2347
354
2848
2631
1577
1992
2739
251
2734
1541
2251
735
949
2940
2359
548
1573
687
556
2059
220
641
2873
147
954
1458
264
1855
2417
2426
3036
2098
1012
865
1368
1863
1430
396
3207
1771
1804
1523
2502
2573
76
2063
3008
1850
2276
2825
2703
2734
2268
2855
1321
2486
2454
2026
896
1608
2417
1326
2122
2770
2895
2404
2631
2940
388
3094
2651
3112
2373
1552
2502
3128
2806
1880
1680
1197
200
1202
1254
1804
1970
2234
1614
2903
1127
126
407
1225
196
1194
983
1596
2090
1059
2041
2601
762
2078
2090
967
1614
816
1645
2684
1444
2451
2677
921
3047
2192
1406
943
570
1022
2347
2164
1220
1191
14
1950
1383
2926
3165
2159
1135
2276
1704
1285
1323
1977
2926
1476
2495
2517
177
2951
1361
1831
1791
365
2220
1141
2212
876
2651
2468
2631
2848
2703
858
59
2293
602
1095
796
2441
2961
1505
2770
2308
2426
3112
2417
1696
1717
2085
1458
2101
1237
2023
2817
2895
1911
595
1148
2116
3067
701
1783
1883
1855
2339
2066
1291
2225
2739
2477
1064
2404
1122
562
522
3131
287
804
1263
1176
1704
2770
1755
430
2404
876
2517
2577
2812
2441
1194
119
954
2986
3136
994
3167
3140
2457
1863
617
542
362
2668
1191
1632
583
2390
3016
1596
579
711
520
959
717
2806
2817
2974
2116
1399
2070
2855
1017
769
870
1788
1197
2863
2903
1564
2085
609
2454
1220
8
2139
2122
349
776
1799
1717
2282
1458
593
2070
2390
1301
2234
2848
2954
1312
3149
2131
2546
2035
887
1146
805
2308
650
3106
1397
2287
3131
2961
1513
2486
1409
563
335
704
3055
711
172
1105
1821
31
1553
671
2752
1138
2703
1965
1172
1307
634
1710
3016
2315
2651
730
516
904
3016
878
2863
1230
1928
1759
717
2070
588
2601
1012
259
1216
569
1467
1331
2873
1954
1954
1316
2330
2066
2517
523
1897
868
2588
899
3140
1945
2916
2825
408
3055
2573
2863
766
2631
3199
919
2468
1715
2468
13
696
1600
1385
2330
2001
2554
102
2373
1759
2122
787
855
2825
1223
2101
1197
1715
1485
501
3106
1992
2524
2188
142
2016
434
665
1409
819
3183
17
2451
789
2793
1680
1841
1323
825
2390
1015
1717
2090
2486
1833
1902
2817
444
1671
1945
2339
1846
2302
2703
2648
2298
84
2784
1699
2106
1447
537
1813
406
3055
2529
2241
823
2244
2817
1765
573
1414
2568
2412
1931
1307
1934
513
2188
730
1741
465
3214
1902
2390
2225
2147
1228
2588
241
861
1582
3173
1314
2974
1114
927
2577
1911
1122
2477
3167
1135
1256
830
1256
2903
2631
1180
440
2734
1187
3000
3199
35
2085
1688
1043
32
2050
2001
1677
1696
1346
2023
2366
851
1241
2684
280
2974
332
2366
404
1480
2169
962
2366
3188
1835
3047
3073
1911
830
445
2220
1897
630
1645
1380
2974
292
1445
3036
3167
2324
2721
1977
1755
2315
2342
1028
2486
707
1835
361
1279
632
2495
929
2212
794
378
952
2651
2721
808
1078
2873
1470
252
1699
2855
1992
984
2035
2396
2477
2734
2035
2793
878
1653
269
1341
2577
2765
836
2260
2241
2359
1727
2441
805
3112
402
1694
2855
2096
1724
969
2577
2588
935
3073
1350
813
207
3067
3079
2366
1982
1592
1154
1170
1496
973
1741
1275
3036
1875
1890
1774
1704
3098
542
748
2116
1279
2035
358
1911
2993
24
938
1207
1068
2106
1938
754
1831
1369
3183
2347
2251
1301
322
1920
1667
505
1950
2468
2001
2308
684
2926
1352
2180
737
3047
589
2265
2041
1241
1688
2926
1182
555
3087
575
1390
2793
441
1526
1559
558
1841
1736
3036
1970
2005
449
1205
2101
2180
3094
2050
2986
2524
1943
3000
2895
791
249
494
2260
1497
959
1260
858
1727
730
1992
1498
1075
2276
965
1675
2546
2677
68
2451
1241
3087
158
1385
2793
1992
1271
339
2293
273
2616
1399
2903
281
1369
3149
213
2251
501
2359
2008
3167
2012
1907
2903
3191
1943
117
3098
2863
1225
2839
2315
1058
885
2993
1374
1034
3112
1568
3140
937
1938
2739
916
1223
2159
28
1458
993
3183
169
270
109
3106
2895
2249
2624
2524
750
457
3008
2916
693
2116
268
2895
1275
3055
2703
1172
900
1070
1651
1656
1374
1934
1112
1470
1484
2268
1527
288
2776
2677
1406
1662
229
620
2212
1642
3016
2954
370
3087
2169
1452
458
3199
1067
928
1326
3071
2825
2232
1480
2359
1778
2642
1383
1467
2373
1920
1965
1685
1826
607
3071
1275
2396
840
1863
1965
3047
1246
1004
1516
2113
2588
101
907
454
2462
1110
2642
2541
2961
1853
1622
1016
3136
2588
3055
3000
3131
2330
1519
1810
2382
1704
976
3199
980
1498
3008
1084
2752
1699
1821
1163
1326
222
237
1907
707
2577
3079
1853
2417
2050
1685
410
1259
2609
1880
2895
2106
1883
2508
2282
360
916
2220
2273
1883
2342
506
2684
2035
2642
1826
871
2848
2554
973
2926
50
2468
630
651
1577
2601
1890
651
1568
42
127
1246
996
2366
452
2694
2139
2812
3149
1197
1409
2916
1385
2070
2993
153
1740
2752
621
1630
2508
2426
3079
458
626
1420
2502
2412
2457
1549
238
2961
3199
2739
2703
1977
2721
2825
2577
416
2839
210
1312
1974
922
1592
2624
3079
510
1762
2273
2454
1970
2703
1293
33
843
2631
2462
1553
482
1316
486
2153
864
1210
1447
667
1710
2752
3106
1816
2825
2817
779
567
2106
2668
198
754
2324
582
1813
1982
2684
2529
699
2863
838
954
1527
764
1369
2660
2169
1553
1340
1826
383
818
1999
885
825
2651
517
366
2180
2234
2648
683
1369
1630
2728
3136
1452
2776
77
2066
1821
2063
2194
1897
2457
524
3016
1614
994
1039
480
532
1409
2588
919
2382
1334
2241
2495
1028
2573
1191
2308
1447
3033
1863
693
1168
2347
2863
891
2601
257
2462
799
410
846
1102
3213
1662
1959
2355
3036
2954
1753
3055
2684
705
1536
678
2028
2784
574
1699
199
385
670
1965
1485
2131
2752
63
1516
2721
2153
2194
1603
2728
878
2677
655
3079
1812
830
946
398
484
131
1688
1369
2793
1214
1959
3191
1148
666
2090
3094
1658
2660
372
798
301
1920
611
1778
1626
865
1053
3112
2273
279
1078
587
1589
3140
2601
1494
325
1249
2495
2974
150
1600
2008
2401
730
556
3112
3036
2873
1350
1846
1608
2192
795
464
2668
1415
874
2793
758
1863
878
2554
1127
2926
1516
1237
2739
2090
2793
2457
2330
2122
2825
2373
1357
1237
515
345
536
3036
1172
1467
540
1417
369
996
1543
2873
723
561
958
726
106
2916
2342
3047
512
351
3016
2159
2993
1974
1645
1341
3073
2050
1510
1727
3112
2703
2568
3000
688
3106
2339
1508
2554
2986
727
1219
1409
830
3149
1346
1148
742
1911
971
1082
1549
2276
2417
1489
2495
1489
1161
1393
1172
2225
1762
606
1793
992
1575
438
1977
2668
2642
2486
729
1619
1635
2949
491
915
214
2139
216
381
1301
2855
1774
614
3067
1357
767
3079
1004
2366
3149
2825
1145
2863
2573
468
2355
820
663
592
2477
1622
1472
2903
1890
2885
802
1056
641
1472
3008
891
2347
722
2784
2694
1734
1759
305
1959
157
426
2212
744
20
3087
397
2212
701
1793
1513
1562
760
1336
2223
1734
778
2624
247
1755
690
3173
3036
1635
2926
613
2806
1954
3031
862
1877
129
3112
2382
2308
2974
1608
3073
23
2382
2703
904
2234
1907
1804
208
1430
2703
338
267
2613
2026
2776
2554
2159
1036
2359
2784
362
2784
2359
2554
629
1031
2873
2940
1293
689
2694
654
2648
1105
901
2554
2139
1263
895
2903
2028
1736
2524
930
1704
773
1934
2462
1835
2839
2734
711
3199
2246
1064
2703
1736
2448
2660
2926
1266
1068
1751
2624
1186
2776
1458
2426
1727
2050
2265
2825
772
2508
1434
697
2703
340
3008
1352
1049
43
2541
1472
395
2225
2436
73
26
1662
2961
1974
1452
2588
1182
924
2577
581
245
825
716
1039
2524
2249
2147
2302
2268
2486
1532
1859
151
2153
2873
1070
1925
2417
3016
492
1846
2668
897
317
272
1207
226
1651
3055
1762
2426
419
1897
2012
2954
2147
2426
2616
1575
2486
1399
2347
1031
206
2050
178
2895
2533
1645
2287
2319
389
2508
1346
2319
768
1608
626
1109
2765
2951
1054
399
1137
1129
1244
1323
1585
1863
2282
2739
1437
1902
1671
328
2855
1981
1783
805
2078
2986
728
1532
2122
2212
1285
2529
534
1141
3191
1665
2817
112
282
912
1765
2047
262
2546
2223
746
2508
1872
538
1072
948
2324
367
1835
2793
1523
342
1075
36
854
1131
2961
2251
1788
753
373
714
2986
3173
1476
2609
1890
3173
3163
2106
3188
1920
1645
1774
2131
1117
1997
2776
499
1635
532
2101
2541
739
2926
2355
719
1112
846
161
2244
389
1283
1747
2128
90
1608
259
2885
113
2940
2047
2164
643
2131
3131
1114
930
1717
1018
3000
2784
2324
564
187
814
2916
2601
3087
3047
2298
1877
1950
1285
1804
1661
3073
99
48
197
89
446
488
511
601
7
1778
467
2954
186
327
334
192
231
185
2462
3067
179
135
1236
27
1103
3173
2806
55
447
215
285
425
240
2951
504
263
2035
2568
1465
893
2895
2588
21
382
171
571
221
427
1345
1158
352
559
985
999
22
319
1092
1395
2153
2194
1138
168
1920
326
508
1589
773
1374
497
1607
25
678
603
2302
1148
2477
1299
2885
176
1567
47
2194
131
52
345
256
812
2412
2784
3128
436
368
649
2194
600
405
97
53
4
284
2684
2517
976
2752
250
698
3098
673
342
2903
2613
145
208
57
2916
34
125
584
912
1381
2624
201
962
1146
1216
61
2486
1202
1361
549
1099
30
3098
1258
234
1352
872
1626
1057
480
976
1004
1430
96
1207
137
1485
617
472
634
1314
1170
1783
1381
144
2508
2373
2206
1089
3149
2765
851
320
535
311
2319
191
2993
455
1031
1959
1268
2873
422
529
1500
2225
123
496
65
2554
3131
907
2324
103
1553
2588
1568
2001
2159
203
2382
2436
2287
1437
2047
121
3149
421
865
1783
1122
2382
299
1665
2426
622
195
230
2694
632
989
591
233
403
686
2319
437
111
998
211
1367
2588
2916
810
1148
636
393
400
531
1333
417
379
122
242
51
2206
1545
95
223
335
324
1677
1751
180
283
291
2903
1596
519
664
2784
932
181
46
1261
1337
391
2825
577
1747
564
2298
410
1799
1464
2631
1754
1801
85
514
3016
2448
2949
136
19
431
1443
2568
2765
1120
212
194
394
460
91
1039
567
1959
2863
495
1110
2324
301
2839
1391
1626
2063
1434
306
2016
503
6
2961
662
714
1424
527
75
1385
980
307
271
912
83
72
846
265
1116
1801
1938
133
809
471
734
1426
1635
128
1105
441
643
1989
202
169
675
959
164
1546
141
1788
2508
1883
1301
149
671
2812
1724
2194
79
2588
2624
799
193
782
377
1334
476
93
1494
2752
2441
1346
1012
655
138
1911
116
2694
2116
499
1
2848
1043
1846
1925
1424
315
607
2234
1982
37
1859
1047
190
106
456
2180
309
414
835
1062
152
830
1907
546
660
159
872
1216
1255
622
497
769
2961
15
2404
926
350
838
2812
78
462
525
2282
2885
2885
257
1176
286
2533
2739
615
2770
5
751
165
1318
373
3215
1130
693
1214
2050
584
2873
489
1959
737
901
2694
300
2631
2609
552
332
987
1126
244
68
884
66
115
657
311
223
1685
595
2546
475
479
2330
1148
1268
2993
890
81
1534
1182
255
797
710
228
736
1249
1902
3165
1989
945
682
1938
1512
317
1054
2793
2684
2059
578
787
935
2776
2546
680
1817
853
1793
617
294
744
216
2855
2784
1821
1938
2028
98
2260
785
1536
364
2577
235
205
1841
184
911
2206
971
874
448
520
487
1321
2412
424
776
2276
2554
2613
124
379
1835
1897
64
700
816
1379
701
293
434
114
204
2436
1585
3055
2293
1248
1105
2070
60
2396
2728
1084
949
2232
2012
373
274
1024
1902
550
576
1713
371
3
10
41
38
3140
11
1084
166
2546
82
110
277
1434
2019
2098
1194
916
793
3016
906
2050
624
571
1364
470
143
1275
1341
603
2502
2098
1020
1704
218
507
2
1480
1138
0
1982
2728
1577
465
29
2293
67
409
1949
705
1271
148
3087
40
2817
219
1513
762
1000
1021
610
356
140
189
323
2070
552
359
564
16
105
410
104
785
661
254
348
160
253
1500
2631
1062
12
9
2885
690
92
1911
1188
2347
1163
1202
2251
1447
1500
71
1249
2315
2903
975
923
174
1945
1476
415
1859
2153
2441
1232
2486
724
932
2926
347
1619
58
163
1417
616
320
2396
70
764
