268
267
325
505
309
502
223
1142
1804
720
944
395
1522
1269
1297
939
597
299
64
1669
270
529
240
653
624
1327
698
1158
2108
1995
815
2333
1564
870
273
338
1203
1461
51
307
658
685
691
934
2724
1051
95
3040
2648
1435
1626
158
435
645
215
865
1808
2572
2362
2333
2108
1100
1791
1972
543
592
2445
1138
352
285
3040
1720
2938
2990
968
1940
2698
2256
1184
1215
695
2761
1908
1268
1466
1586
2663
723
2683
903
187
1920
1686
953
2176
2834
1380
2761
615
85
1452
2353
1033
1169
1657
1020
2539
1437
1963
863
515
1235
1513
2777
1328
1401
2315
3016
1783
1450
1113
1115
733
1724
696
2472
636
2612
3032
1388
1444
3025
1686
2007
795
638
1124
65
1884
128
667
586
2734
976
248
471
898
561
2140
2151
777
563
3185
1186
1793
2204
2374
666
2328
953
2968
2048
2754
2062
121
1875
1953
1090
2413
831
2539
2193
1446
2239
1253
1906
138
305
2911
2028
2247
852
1818
45
469
3146
593
401
1250
2998
2267
126
1773
1164
1593
599
1309
1633
2795
116
2237
406
1588
2374
2639
2283
2416
1334
2148
1475
2865
2717
1700
2162
1233
449
2639
1841
804
761
715
673
1841
3061
1526
1752
1373
1396
525
2639
71
404
1076
2457
2176
1657
1443
789
2244
3153
2432
2865
2104
3040
29
1493
3171
2745
2865
978
2777
2545
1851
2658
1404
137
1126
2239
2099
1485
1011
2416
482
2893
2698
3109
2374
872
2527
2155
1861
2002
86
2834
1918
1886
2768
911
1660
1258
1313
2379
1088
687
2976
1203
1038
1890
1100
755
1716
276
376
2899
3025
770
567
876
633
2270
131
559
1206
2290
2472
1619
2195
1913
1611
1895
1352
1657
2527
89
779
2016
1770
2717
2039
665
1128
496
2039
478
1084
431
1180
932
54
1763
1823
1206
1241
1737
279
2777
1779
1396
861
1526
2709
2016
1770
3032
127
2952
3146
2844
2007
2476
2893
3146
2724
2761
1835
1987
2724
1718
1704
2789
781
1153
2920
1583
150
1118
1271
1016
859
635
3135
1353
2033
1194
1673
2521
2071
2094
990
1511
750
3129
601
1421
2754
3162
3094
679
1912
407
1482
1526
2026
2709
2091
2013
2259
2588
2210
828
905
962
801
850
2407
1045
253
1686
2854
3061
2709
2802
1107
564
2734
3109
1203
800
384
1518
1485
358
2123
2344
1395
1673
764
419
551
1588
1789
2165
947
548
1333
1700
1008
966
120
2214
3135
400
1224
681
1133
2594
2802
248
1303
760
1471
1187
1731
2037
2634
1282
2425
1931
658
2200
3135
763
1680
868
2639
578
1812
2802
1696
1171
2663
2151
1334
2183
557
1517
2844
1750
101
2232
1779
2545
3109
286
1940
1010
3094
198
1187
479
2663
702
1220
382
2200
1120
272
663
2053
603
357
2976
3094
3199
1617
102
151
3094
1343
1479
2278
2094
1288
364
420
3202
2663
2130
2416
2893
1568
2503
2811
2337
838
732
2572
3094
1143
1601
554
209
672
487
3040
481
2283
1540
1818
2844
608
1861
2247
1358
2324
3094
2594
1161
1896
2663
109
379
1312
2259
1260
2374
2210
47
1720
640
1077
1563
337
2789
2472
2053
2561
1638
1175
1619
2389
1079
1411
2228
1382
2434
1963
2283
1692
1968
741
1993
754
1763
1089
1216
731
2883
2768
1029
2663
2239
302
2952
28
2425
1212
1572
3162
1161
736
2617
2561
3032
70
1320
1020
313
2080
219
2223
473
1987
3109
368
1437
1152
1291
3162
844
521
3153
648
1984
1017
1415
2393
1193
2407
2651
2232
941
2214
2968
739
2690
1726
956
2768
1583
1347
1810
2195
1755
2232
1077
250
1881
649
1976
188
1991
3129
1901
167
1159
1031
1507
2068
748
2393
1418
2717
1265
3032
2709
2594
2283
2952
2379
2039
1136
3082
2990
2968
2023
812
2865
342
2677
2333
2561
1571
2768
1418
2048
1821
516
973
269
1582
2467
2503
2990
2639
1388
1948
1355
3196
489
1536
1401
2527
2601
1309
1650
2483
579
1835
1618
1816
426
1515
2663
3061
3032
2602
1824
847
3094
684
1572
2440
1430
1726
429
1121
812
2948
2026
986
2457
1485
2968
494
2368
1229
3129
765
2005
1633
1404
926
247
415
1153
1466
1710
350
530
2440
979
3199
1724
2521
2379
2197
3162
2834
2114
3209
203
1004
3025
987
858
1311
1229
3202
2183
1300
3171
1877
2510
1057
1568
730
2938
2865
1976
2920
3135
869
785
1211
979
809
822
2834
2777
952
1354
1325
1200
2379
3146
2617
2310
1103
1260
2865
832
2297
2754
887
1980
2811
319
3202
1316
1865
1892
2539
2683
2521
2834
2899
2407
2094
394
1901
1976
1129
467
2353
2686
1317
1552
2016
921
1760
607
527
2080
795
428
645
211
2251
2617
2990
570
3178
3052
18
1124
2976
1592
2639
569
654
3120
2421
1288
1366
776
2821
2556
3120
234
836
3074
3052
2709
2337
2321
2183
2588
2267
1775
3087
2561
1824
2698
2009
2854
1861
2998
2795
2952
3061
2911
2821
2834
2834
697
1410
1495
3129
1997
1225
2297
1865
2920
2572
1858
2811
470
2698
2053
771
1248
1108
2938
1767
278
2844
879
900
2496
1601
142
2709
1013
935
2223
3196
1491
2108
2865
2328
1547
2545
988
2854
2754
2663
2118
1386
1298
631
68
2283
628
2581
2952
1064
2421
2324
265
3082
1613
2761
709
1013
3153
2605
418
2337
1118
1048
2228
327
1075
2990
80
807
1500
263
1865
2503
1835
2952
2605
1045
886
932
2393
1660
258
3135
1835
2745
1482
1595
2321
191
1336
2821
3094
2594
2899
3025
2393
2476
2658
1175
2162
2188
2304
918
1741
2088
929
1597
2165
3016
1783
3087
3094
350
2686
1923
3162
2998
1448
2379
3196
2114
1908
1540
1601
235
2023
1003
1538
838
2333
2091
3082
1260
115
421
1508
397
1504
2016
2324
2690
1244
2490
1643
970
1572
2690
1548
1871
1485
1997
2617
1390
2140
2214
1026
3061
2304
1287
1166
266
1104
1607
1552
1074
1104
25
2389
1221
3061
3120
1770
820
1799
1908
1212
1858
2404
3074
1518
1391
2368
104
2581
878
1765
2658
237
1161
855
1382
277
2362
2503
2581
2854
1720
951
195
1703
100
1425
532
2353
3109
1718
2677
1597
2745
2639
2297
1134
1956
2472
602
2434
892
2677
2911
2496
2789
960
1404
1473
2865
1033
2232
1645
1913
2148
2310
617
2315
1750
2605
1578
2777
1366
243
388
2854
336
1231
1260
1260
1538
2698
1423
704
2028
1477
2218
2046
2920
1628
1195
88
1082
2527
2844
1279
2625
3094
2998
2088
492
229
300
2068
1376
1421
1300
1877
2768
628
787
1411
623
1298
708
2854
3153
2617
2393
1660
1654
2709
1692
517
780
1804
841
3153
2968
1695
2210
1000
1431
1500
12
2080
2321
332
523
2169
1473
2197
1828
257
1816
2517
1307
1440
2517
2821
1164
3016
1293
2561
1793
1195
1375
1631
2188
916
3209
1606
1997
3188
2155
1841
2777
1413
712
366
412
2948
1243
261
1275
1752
22
1542
750
2724
633
2865
1288
1337
1372
619
1052
2374
1930
2777
782
724
213
2976
1363
3087
1291
2118
1036
960
2105
643
2223
626
43
1337
586
1434
756
3061
963
2802
1066
1561
2232
2920
499
1968
424
2625
1066
3052
2545
2588
2617
260
3185
2344
1435
1255
2527
3188
650
2834
2353
2434
16
536
1240
1085
2218
1401
2795
196
2188
1251
1616
1670
850
2425
1166
1680
1613
2612
1686
374
2911
1858
2315
1706
208
2244
787
880
1341
2169
2938
78
1812
1218
2899
1457
1789
1918
346
2130
459
670
2938
2256
2188
872
2911
433
1923
1583
2379
2114
2280
2556
2172
2452
81
3215
2165
2270
1987
462
1884
606
2981
1913
2552
597
1834
2204
1982
380
1757
1959
2811
2188
1788
2002
832
1799
1044
1382
280
3178
2247
2539
1882
1590
1427
2362
432
549
1877
2899
1869
3010
1362
664
2698
1184
1783
2899
3209
1623
1343
1095
1328
2854
2865
1639
124
1861
943
2496
3188
21
1508
997
1692
52
854
1781
937
1995
1373
2114
1926
1491
1090
3120
639
2709
303
2259
353
2561
1485
701
2421
3074
2407
2981
2931
1957
676
651
1415
2053
443
852
967
2899
259
1601
2802
3153
2625
2899
1597
977
1875
2061
1285
2802
1304
1994
461
1828
1187
2844
341
2169
301
175
657
2865
3188
656
1265
3061
1331
140
2053
1886
2754
914
2521
2210
2920
3040
1892
2690
1062
1568
306
1455
2952
2911
867
2413
1892
3040
1775
2123
652
3188
542
2077
2328
2581
1997
1255
2457
2612
740
2228
1323
1033
79
2151
3120
2588
1307
2039
983
1920
829
947
1391
1251
3052
1206
2270
1275
1748
3120
688
686
1428
1247
1081
173
1285
2588
23
383
1700
1323
2337
1556
1000
2290
928
3016
2136
2108
1686
205
1141
1832
66
2140
2952
2183
1607
538
2617
998
2244
820
3032
655
2051
2795
1328
941
2527
919
501
2931
769
1824
2180
474
1115
1744
508
1783
1933
3094
2080
1871
591
1146
2349
1178
2490
2448
3040
2545
1524
2552
2821
1465
408
242
2724
2434
458
1698
1253
1225
717
1920
561
847
2181
447
1855
2304
2324
53
1896
1281
2854
132
1731
2581
1963
1613
201
2094
375
2337
1366
3040
330
1090
3206
155
2521
1026
1564
1869
3185
2197
1206
2639
2821
1440
35
2561
2297
1317
2556
2998
1461
1346
2304
1633
1466
3171
1045
3109
356
783
2634
1391
1404
2486
46
1156
797
3188
75
620
183
2952
2362
2510
1741
3135
890
511
3120
2605
371
1950
365
2413
1380
2663
2404
1452
1248
1673
802
2315
1277
2002
1269
2136
1350
2821
982
532
2893
2476
1550
1710
328
573
1729
1210
2811
2663
596
2789
2134
2009
716
2865
1200
775
1415
2948
2761
2140
1391
2239
2259
2920
727
1136
2389
1846
1773
1558
2039
369
2251
996
2425
498
2572
3146
2362
1396
1018
2033
2204
1926
282
535
534
2087
1083
2844
2594
2834
2123
1437
789
2981
2698
3171
2981
2899
2108
882
1650
2452
1716
1363
3087
798
2064
3146
1150
3074
2368
2834
439
1366
298
200
1821
888
1767
3135
1304
2761
1708
1715
568
1440
2777
2228
2486
2448
2421
2952
1760
452
1233
2724
2490
1518
2130
909
3162
1855
2545
2028
904
2690
2556
893
2968
74
1896
472
246
1577
2821
1030
334
1680
11
254
1404
1300
2278
1015
2270
2267
2777
3209
2223
2094
2899
704
1526
2745
409
2344
2605
916
1976
2457
1642
3209
460
467
930
2176
2259
2176
1245
289
2510
3202
2344
2527
2140
2270
1471
2844
617
3074
224
1097
1654
959
1357
2159
3162
349
2071
1511
1968
1737
3061
1057
62
1059
2952
1959
1542
621
956
572
2294
1131
1534
1623
457
1743
2602
3214
1650
2821
2920
920
214
2013
2690
514
799
1972
456
1980
2016
2483
2734
825
2734
513
802
1548
1037
1886
1984
1793
1705
2105
1123
311
866
2064
1341
1195
2517
818
179
1267
2407
2990
1115
1744
1959
2754
2865
907
3032
94
2159
1199
2795
2099
1497
2911
169
3109
2251
588
1516
702
885
1320
2280
1271
2625
2259
2457
2883
981
2457
737
2690
1886
3052
1480
1064
1458
1804
2448
1004
3010
719
2379
1182
552
749
1145
3188
1271
2457
2259
3074
3129
2724
2883
2521
792
1578
1896
1767
2865
804
2123
149
860
595
1460
1399
2037
2952
176
727
2612
2445
2663
1578
2724
901
2039
674
3061
1799
1673
345
317
558
162
2039
1178
2821
1090
1812
3094
1068
822
2510
2883
1984
2204
378
1356
743
1542
414
1284
1706
1104
969
3162
2802
323
1043
444
1744
2931
1937
2099
416
1032
2811
2393
392
2445
2123
2344
817
185
3178
2337
2931
1590
1849
2071
2527
806
582
2510
935
691
2734
577
1636
811
2625
891
2368
1972
1972
1933
1361
2811
2651
1880
2130
3061
2080
1504
1040
864
233
401
3120
1070
1295
465
2053
410
604
2310
3135
480
575
1050
1464
360
2768
1062
2802
1061
541
2625
2077
2452
1936
1446
1775
3052
1808
1673
2154
2844
3040
2561
2379
690
3178
2046
1948
1937
3016
538
1056
1607
2118
3171
1166
837
753
1982
429
1094
1238
2893
2811
2048
2883
2140
2148
2270
964
1968
1345
206
1522
758
1737
434
1423
2789
2545
2136
1757
1219
2099
2625
594
1593
212
1923
152
173
1052
2990
2162
343
3010
1019
1413
2938
1156
2515
3178
2527
1730
2811
2490
766
2717
757
190
762
2634
2172
1293
2561
2425
1720
1023
1177
889
1551
3040
835
2734
964
2353
2490
1832
1835
290
2434
399
824
2214
318
72
2467
355
1643
441
1315
1595
2172
1339
1673
1698
1500
1149
2483
264
1558
589
2663
2865
1734
2768
1277
2476
924
3094
1190
1660
436
2734
2064
2648
2865
1950
3010
32
1425
2118
1804
2795
1497
2389
107
810
2865
361
163
2998
2239
2952
2920
2527
1102
2690
2981
118
2062
1282
2605
482
537
3074
2795
1279
1025
2677
405
2476
1087
773
1376
1518
1660
746
3162
2123
1466
2440
1645
1783
711
1991
2976
1940
2290
2854
637
2768
2283
1347
3010
2503
2071
2931
2658
1110
926
2401
2594
1926
2467
2295
1882
1127
2051
1235
2393
985
2990
1183
1586
3016
915
3171
1508
1456
69
2401
1625
296
2077
3120
230
42
1671
2295
1890
1482
1775
1195
975
1841
392
165
694
883
1737
2854
2407
1172
2009
2920
2734
1245
1660
39
2353
2625
1799
2467
2393
3135
417
2123
2854
610
528
232
621
58
1200
2938
1744
2998
339
2172
2033
2734
2938
2572
2283
1667
1597
2071
2911
1006
104
2717
283
2634
2404
1908
2581
1959
589
2259
1947
2802
847
1192
522
1317
2552
2883
1024
254
1566
752
1347
1734
2068
2122
766
2416
1376
1490
1371
391
2561
1824
1760
862
2496
2931
386
1386
1626
2108
901
2496
445
1534
3087
1110
2724
271
141
1222
1558
2476
168
2899
2091
1020
2290
1628
582
1607
816
2686
362
1536
2237
1241
484
1012
8
403
1444
2745
2698
693
1052
519
238
3109
3135
2158
2639
2005
3129
3171
1428
3178
2328
1709
1448
2724
1849
2181
3052
316
1851
423
2486
2698
909
2998
2981
1169
1950
1073
143
1905
156
1684
2379
2193
193
2270
488
2931
228
3153
2617
2581
308
1480
2883
908
1350
2683
1173
2952
3109
2594
347
26
320
2717
2938
3109
2821
2448
2297
2353
1418
2270
2572
3087
186
367
157
97
395
437
524
294
27
1631
509
2658
453
944
463
136
125
226
2745
3025
144
60
912
30
493
3040
3094
55
510
92
172
178
231
2865
930
146
1940
2539
1304
1038
1828
1987
84
565
303
560
683
372
938
1099
642
677
1048
1222
15
324
783
1159
990
2013
2023
99
1697
989
440
1399
275
1851
718
2033
129
1524
227
2698
1901
2467
1605
2572
130
1331
36
1667
112
41
556
241
340
2527
1940
3087
526
245
819
2648
1459
147
180
204
2
331
2067
2777
314
3016
363
546
3040
1578
660
2998
2981
217
576
170
2552
17
114
689
1181
1320
2425
348
949
1556
1913
160
2561
2088
1933
1138
1954
59
2768
1477
793
707
333
1495
1846
682
742
1673
912
244
1871
222
1216
768
791
834
1957
1135
2183
1110
381
2651
2677
2221
1628
2952
2605
609
192
612
376
1572
207
2734
194
2071
2811
1531
3082
335
724
1846
2349
184
610
321
2204
3109
1109
2362
91
2009
2368
2080
1997
2503
139
2883
2777
2634
1636
2457
251
3146
721
544
1686
1531
2256
326
1865
2754
1150
93
309
2486
807
1363
372
540
287
506
2434
122
110
840
251
2080
2717
2899
829
1140
774
675
842
722
1645
735
661
111
354
113
2140
1000
48
448
145
580
1461
3094
61
661
344
2952
2218
507
496
2698
503
216
33
993
1085
759
3206
477
2028
284
2677
940
1552
1079
2745
2134
1748
199
970
3025
2515
2981
76
7
553
1680
3178
2440
1726
104
293
359
531
133
1028
1072
1828
2452
511
895
2527
555
2572
427
1255
2304
1325
585
2223
714
6
2981
604
1069
2221
161
37
1506
843
262
218
814
485
118
390
297
880
1963
1793
164
1500
495
921
1851
998
31
1450
678
706
1640
387
236
855
1493
520
1757
322
1765
2761
2105
1274
180
1650
2968
2517
1660
49
2165
2016
464
166
641
550
1812
574
108
1855
2844
1818
1041
1052
1153
57
2663
295
2651
2911
1121
1
3199
1007
2200
2452
1173
613
631
2490
2140
24
3206
1475
315
123
466
2432
669
1359
680
1009
389
745
2315
734
827
73
710
894
992
857
698
1097
2998
10
2948
1710
182
826
2998
87
872
1671
3025
2883
2251
82
1225
793
2353
2998
950
2789
3
1339
77
1871
274
3188
1533
871
1359
1684
454
2745
197
2496
1542
924
2457
475
2337
2556
565
547
1144
1645
292
134
1129
38
50
449
370
476
2159
905
2821
738
582
2821
1096
2136
3153
1431
20
1929
1799
219
1295
1146
239
1366
1710
1714
3061
2503
946
1258
1731
1619
83
1798
3016
3052
2457
500
581
896
3010
2883
1645
2155
1132
2368
1114
451
627
438
2920
3153
2686
2099
2425
117
2539
772
1835
625
2651
177
713
2280
256
884
1755
504
973
777
1059
614
1791
1913
898
545
2938
2651
2328
90
729
2968
2379
98
291
1235
1566
993
630
571
872
202
2204
1782
3135
2315
1466
1071
2349
34
1734
2572
1232
698
2663
2349
897
281
1212
1932
876
455
1148
442
4
13
103
19
3074
148
1404
489
2602
153
329
647
2200
2304
2353
1752
1841
1452
2777
1552
1497
1542
670
983
724
384
2612
1313
958
2310
2053
846
2401
425
995
5
1572
1810
0
2297
2476
1940
154
67
2651
40
422
2028
953
1896
517
3032
96
3061
311
1376
921
746
1619
1238
411
600
644
413
2297
446
668
1228
44
225
1514
135
1191
1526
785
491
210
615
2893
2734
1954
14
9
3052
1906
171
3016
2016
2251
1793
2440
1937
2247
1641
63
1612
2588
1904
1431
1382
189
2310
2625
288
2745
1561
2496
1654
1963
845
743
3082
221
1940
56
398
2053
972
486
2416
159
1042
