43
59
25
24
70
40
41
14
31
36
5
51
7
16
41
11
50
74
42
9
111
39
81
6
21
6
52
34
13
19
33
5
15
64
26
64
7
16
58
31
35
23
29
31
3
14
125
4
15
16
9
31
30
23
12
18
8
3
4
4
7
4
21
3
56
22
4
23
39
53
4
32
6
5
9
12
5
7
32
15
88
3
16
12
20
29
11
25
5
14
31
10
24
7
17
8
12
4
23
92
25
9
15
5
13
6
23
10
28
11
38
4
15
6
3
16
5
5
6
28
20
18
13
19
21
11
28
30
3
31
17
5
7
37
21
24
8
115
10
8
42
11
11
10
5
33
18
7
9
15
19
7
3
21
26
17
5
34
3
15
3
23
9
14
19
24
16
28
6
21
5
3
5
12
35
4
7
7
6
12
6
13
11
50
170
3
61
50
6
12
11
72
11
8
13
12
12
20
4
133
5
8
11
8
15
12
12
3
6
12
10
7
21
7
14
24
12
8
8
17
21
23
10
4
6
5
16
11
63
6
47
26
24
9
8
10
14
17
10
4
7
6
17
6
28
15
4
5
4
8
4
9
8
3
3
12
14
3
4
24
31
21
20
3
3
4
5
19
16
13
4
16
33
10
3
15
10
18
11
38
8
7
13
36
4
31
7
7
63
58
12
63
64
3
4
12
18
29
22
9
10
22
5
12
8
4
8
5
5
21
10
7
6
86
27
9
10
3
13
26
15
40
13
18
24
6
20
30
18
5
18
7
8
12
37
17
5
13
25
8
4
10
3
7
24
8
4
12
5
22
5
4
18
19
25
5
4
25
7
10
18
14
5
14
26
30
10
15
6
3
4
4
12
10
8
8
10
7
22
27
12
7
21
24
5
3
4
37
16
64
12
5
5
10
18
29
12
13
5
21
21
19
41
96
10
39
32
5
3
8
7
4
24
60
6
3
19
37
23
14
40
57
9
4
55
3
16
50
30
8
11
25
32
60
21
13
12
47
175
5
8
19
7
40
12
4
7
8
8
15
28
61
14
9
6
16
3
20
20
6
3
20
4
18
3
10
7
4
22
29
5
14
15
10
28
5
6
3
47
5
20
14
4
55
5
5
3
27
152
21
21
6
16
41
19
18
22
24
12
19
25
3
7
4
10
23
54
8
5
28
7
25
23
73
74
3
4
11
4
4
35
3
8
20
10
42
6
38
12
28
37
81
26
12
3
13
5
5
18
10
12
8
6
12
38
3
5
6
12
6
23
37
3
3
3
5
11
62
7
36
29
6
15
13
4
3
3
3
3
38
9
6
16
4
19
9
3
3
13
7
7
12
9
3
22
12
30
8
4
4
3
7
71
5
114
10
9
26
3
18
6
8
15
7
48
13
13
133
9
27
14
15
27
5
25
10
7
19
3
4
15
9
31
11
11
32
7
28
15
12
5
13
8
5
35
3
16
11
8
4
6
6
4
15
8
14
8
9
72
17
55
9
4
33
53
21
19
13
5
33
12
11
3
4
4
5
16
3
8
11
9
8
4
3
10
9
19
3
16
15
15
6
8
4
4
4
13
13
27
19
15
4
9
14
20
8
7
31
3
68
13
13
7
12
4
11
10
20
8
19
4
47
19
12
7
3
5
6
17
6
11
7
6
22
24
26
16
11
7
11
7
7
8
3
32
6
21
5
23
5
13
9
22
43
31
19
8
28
20
37
11
9
3
9
6
3
5
9
10
32
5
65
9
8
14
53
10
8
6
23
16
3
7
4
15
15
30
4
7
14
4
4
8
21
16
10
12
4
3
7
14
25
10
24
5
3
9
12
7
22
6
24
6
11
11
21
15
13
3
8
10
12
14
38
30
19
27
32
15
32
12
11
21
30
15
4
8
9
12
18
13
7
28
17
15
32
87
27
3
4
3
13
3
4
52
25
6
10
3
12
8
3
3
25
32
3
4
3
3
27
14
5
7
11
16
6
22
18
14
14
8
9
20
21
21
8
38
9
10
12
9
12
12
8
6
15
17
5
3
10
47
4
3
3
3
19
7
32
11
7
7
13
14
3
12
94
4
9
37
16
7
88
3
32
86
7
4
17
3
4
3
14
3
35
13
5
5
21
38
13
12
15
6
108
5
10
22
13
3
10
10
8
11
40
27
4
6
7
16
12
21
10
29
11
7
10
27
11
30
13
8
5
3
16
6
45
24
10
18
51
3
10
27
20
9
4
51
4
3
3
10
4
5
3
10
4
21
4
6
16
37
11
8
15
11
6
7
6
12
8
32
4
10
4
14
21
6
4
5
6
14
35
39
15
26
4
16
7
22
6
16
104
15
7
10
27
12
21
7
6
21
4
50
3
17
28
14
34
14
4
8
9
6
8
5
5
20
30
20
3
4
9
22
15
18
18
21
6
3
11
7
4
16
19
23
18
9
16
6
8
41
7
20
19
19
22
8
13
6
32
3
5
8
5
4
7
126
3
61
40
15
10
8
7
6
8
3
3
9
14
12
10
18
11
25
19
4
5
33
13
9
5
4
41
11
16
14
3
4
9
9
5
4
13
8
31
24
48
4
49
46
10
8
3
5
13
35
6
42
3
8
4
4
26
58
9
3
3
20
3
4
7
7
14
25
26
3
8
10
18
5
5
6
57
35
42
20
37
4
8
4
9
19
9
4
30
24
22
13
23
7
3
18
13
21
8
11
166
8
11
7
24
12
11
8
11
53
9
12
26
7
4
5
4
3
12
7
3
42
12
49
10
51
3
3
8
3
4
9
7
13
44
54
23
8
32
24
11
15
80
7
31
4
10
4
4
28
11
19
21
3
8
9
5
15
14
4
29
6
43
11
11
12
11
44
7
18
39
18
12
17
25
7
8
19
18
6
11
7
49
14
22
4
45
3
13
4
11
30
5
4
6
42
4
3
12
3
24
4
113
15
4
7
8
8
13
27
7
15
10
35
29
7
28
8
11
29
9
9
4
16
8
7
27
5
16
47
18
33
3
54
6
34
9
11
6
36
25
11
22
11
10
8
14
3
3
57
20
14
9
15
9
5
3
8
107
15
14
14
22
41
14
88
4
8
17
41
9
3
4
65
18
3
7
17
26
13
7
6
29
8
88
3
10
12
11
7
17
7
29
35
15
3
29
3
29
29
9
3
34
6
4
32
31
11
26
4
8
20
5
6
9
7
3
7
15
8
38
27
6
3
9
19
21
6
8
21
34
12
49
5
45
8
62
47
4
37
12
3
16
4
3
22
9
33
9
14
9
10
20
4
21
15
6
4
8
8
24
20
10
9
19
8
60
13
75
13
35
13
9
3
24
59
44
3
13
19
29
7
14
71
15
5
11
39
5
5
11
8
16
6
32
9
20
22
10
8
28
10
12
14
20
6
33
6
36
6
4
9
5
5
6
10
25
5
21
61
21
3
4
4
14
6
9
20
16
23
9
17
4
10
4
10
10
3
55
31
9
42
7
49
6
5
53
34
15
34
20
20
38
16
9
3
8
4
14
23
6
19
15
10
9
5
8
30
5
12
11
36
4
43
6
14
11
10
5
27
30
5
9
25
4
36
12
19
46
12
16
5
14
3
24
5
16
14
3
12
6
10
13
4
4
49
58
33
14
34
44
27
27
13
23
9
24
21
5
19
3
9
6
53
9
8
4
72
26
7
5
26
21
12
62
6
11
4
109
17
5
97
11
20
9
11
3
14
21
6
3
16
14
3
3
32
3
21
11
33
3
26
40
3
24
3
20
11
5
41
19
7
49
17
26
4
36
114
40
3
4
8
4
19
48
42
4
3
29
6
94
4
13
4
7
5
3
25
14
17
15
13
20
15
19
4
17
14
4
5
13
15
30
38
4
6
4
5
27
3
5
13
49
3
12
11
14
5
7
5
5
9
8
7
23
26
5
13
4
12
11
58
3
19
3
21
18
36
3
17
32
20
8
4
33
21
54
9
18
3
7
5
12
4
25
3
9
5
3
4
7
10
9
7
18
34
3
5
24
6
17
7
19
28
27
22
35
41
12
6
3
4
8
8
13
3
101
17
5
10
5
9
7
6
10
61
4
11
11
8
4
37
11
5
7
15
34
3
5
15
3
21
7
6
20
8
5
9
26
19
35
28
7
32
4
26
3
11
6
6
30
24
6
26
14
7
30
16
7
30
17
8
9
3
56
36
13
10
8
7
13
45
6
3
7
6
9
6
3
5
54
9
76
22
15
30
6
3
6
41
12
6
4
9
9
14
16
12
9
4
6
5
29
14
11
30
20
21
53
5
7
3
11
4
6
43
36
15
9
13
24
6
56
16
10
6
6
29
4
30
17
19
30
13
6
10
15
23
13
41
24
13
23
45
5
61
20
7
7
14
53
25
22
4
3
14
4
18
6
12
16
13
12
8
44
7
16
26
41
36
34
14
5
31
13
39
15
11
40
6
7
8
25
4
11
33
35
6
3
10
10
30
5
26
50
32
8
3
7
4
9
3
7
23
3
9
24
20
37
14
4
53
3
72
64
6
7
10
4
8
50
17
4
19
14
19
4
36
4
9
3
12
51
32
55
50
6
19
20
6
31
6
4
29
55
15
3
14
7
76
28
50
8
42
7
10
44
28
4
15
46
27
39
14
3
5
12
41
14
7
4
15
19
3
3
12
7
4
3
4
20
20
10
10
18
31
3
22
33
6
40
20
42
11
31
5
14
28
5
12
6
9
7
9
8
5
14
17
19
33
20
4
15
25
10
37
27
28
6
7
57
63
17
29
82
6
3
4
76
79
2
10
5
5
4
12
7
11
13
17
4
9
9
4
41
3
9
15
5
3
42
18
5
76
3
12
15
35
9
6
8
12
18
18
34
18
30
39
40
11
9
18
33
6
28
17
58
7
4
3
6
82
10
27
4
17
9
42
5
22
11
17
8
18
11
6
8
16
4
10
6
3
3
17
7
4
30
10
12
11
25
10
4
28
4
17
3
26
20
5
7
5
27
10
48
3
7
3
6
64
12
16
35
7
33
60
3
20
6
16
9
21
44
54
26
7
15
3
4
43
8
10
3
4
6
3
56
5
11
4
30
5
56
4
3
9
6
17
4
131
7
8
28
12
13
16
57
9
5
43
78
14
18
8
13
13
30
11
6
57
6
7
8
15
16
9
6
26
48
8
13
5
38
4
8
11
25
7
7
14
16
8
43
13
8
15
10
15
4
4
25
3
5
31
7
19
3
6
4
6
17
8
6
24
5
6
5
10
3
13
4
33
12
14
94
7
70
6
21
29
45
6
14
58
9
12
24
141
27
5
4
20
5
17
36
7
7
49
20
24
37
8
7
7
8
14
11
16
4
14
10
4
15
18
5
6
35
7
12
38
83
92
16
66
5
3
11
16
53
14
17
4
31
6
7
15
7
5
13
37
116
10
58
3
7
8
4
5
71
4
14
11
35
10
12
3
5
7
13
63
8
22
36
35
29
25
5
4
20
9
13
45
5
9
9
38
5
3
25
20
14
4
19
5
38
22
3
14
4
22
44
30
8
8
24
12
5
31
8
12
63
35
30
8
92
16
4
8
54
19
136
30
14
5
19
7
21
72
23
3
3
15
8
7
4
4
6
5
16
11
6
12
33
12
8
57
15
16
6
12
39
3
20
24
26
30
14
6
26
17
9
3
55
18
93
5
9
9
8
8
14
8
4
5
17
25
16
4
8
9
42
51
15
5
4
4
8
9
12
11
8
13
25
5
346
135
122
151
96
39
74
64
379
8
30
4
22
116
48
33
80
190
7
4
115
169
16
303
22
4
8
278
76
106
87
21
65
5
56
113
6
7
22
31
4
5
402
78
66
61
273
65
19
14
108
47
43
26
166
70
16
23
4
5
38
113
10
78
35
9
32
31
47
23
323
67
50
6
21
10
23
5
101
13
200
5
125
261
121
116
49
13
3
3
61
93
30
10
118
61
156
81
437
85
3
10
26
13
155
44
7
76
38
6
10
145
51
13
6
113
95
44
13
15
7
94
48
32
16
277
6
14
16
55
46
112
3
11
154
25
32
9
36
34
19
58
14
97
34
77
7
50
28
20
32
21
28
11
80
9
9
11
21
4
6
12
100
69
42
3
97
5
86
47
12
24
9
83
73
21
9
245
91
35
9
3
12
9
194
28
5
21
11
7
77
12
12
12
45
21
74
5
12
16
12
29
11
90
24
3
36
104
102
6
60
19
35
117
75
63
6
28
98
41
23
29
10
5
38
18
49
52
30
64
20
112
124
122
73
113
7
13
251
52
52
83
13
55
127
100
22
5
25
35
58
6
9
75
150
14
3
86
11
49
18
47
14
86
12
11
10
13
18
78
97
3
3
5
90
196
19
12
9
8
34
91
59
62
20
218
14
41
7
3
51
31
9
85
6
13
28
15
40
39
6
101
228
6
28
46
13
60
195
9
18
122
27
24
56
133
14
69
6
16
13
173
43
91
11
19
12
99
36
107
28
12
33
139
51
33
83
29
146
9
8
10
25
194
76
5
30
7
179
8
8
7
27
4
38
37
59
47
32
4
9
31
33
102
159
15
152
5
12
22
196
3
42
15
17
16
71
42
10
9
90
20
32
134
68
44
6
69
119
15
19
133
47
13
46
36
88
31
19
27
63
32
13
6
188
13
22
82
45
5
146
110
128
8
7
6
47
26
45
6
4
71
4
95
23
67
24
78
3
42
77
12
8
35
7
40
21
72
29
4
62
7
11
51
50
17
27
42
143
41
133
136
41
81
114
14
41
12
13
73
12
27
34
4
52
136
27
34
75
45
59
25
16
10
11
4
7
25
38
6
17
32
32
7
8
18
44
32
45
9
9
25
17
30
18
53
68
33
58
7
9
31
11
14
21
10
58
7
52
3
79
186
4
42
13
8
27
23
75
50
66
27
10
70
42
14
6
6
32
100
24
12
77
30
62
20
31
108
43
39
147
6
12
4
8
22
28
5
62
7
5
10
25
16
10
52
29
22
11
68
37
8
77
284
191
100
162
4
66
21
113
3
83
153
79
36
5
11
28
49
91
6
23
15
19
76
23
89
225
31
23
30
3
19
23
19
140
64
178
14
44
239
4
11
21
64
398
13
108
41
20
63
28
56
3
372
10
58
28
37
32
22
62
139
236
154
54
23
67
130
30
387
219
76
94
18
68
153
106
136
87
29
7
23
215
417
6
26
131
45
31
4
25
28
8
25
12
283
8
14
4
40
65
195
8
11
32
17
15
4
15
3
23
28
5
71
17
190
248
19
50
91
9
132
32
