2
101
28
36
72
130
94
0
4
10
16
95
11
16
15
6
7
67
103
9
30
61
49
5
0
1
91
7
9
7
16
6
7
23
26
3
34
11
222
124
50
12
3
11
4
2
133
5
13
4
14
105
6
38
33
1
4
3
0
2
5
1
0
0
2
2
1
5
14
2
7
2
0
1
3
17
0
4
9
4
35
0
6
48
27
8
3
26
2
23
4
7
3
13
2
4
9
1
26
40
15
0
12
3
3
3
1
7
6
7
7
1
33
8
17
12
4
17
5
11
10
13
34
32
4
4
23
13
6
29
11
7
1
15
23
61
3
92
0
104
37
86
4
2
133
24
1
7
12
4
32
31
0
16
12
1
5
70
0
6
4
12
4
1
81
2
8
6
6
9
0
1
9
29
32
1
48
16
12
0
6
19
1
163
12
0
74
51
27
0
0
46
18
2
34
19
6
12
0
24
1
19
23
11
1
10
3
5
5
17
0
0
13
7
4
62
8
16
41
3
7
36
21
11
2
12
7
1
12
5
26
121
8
4
1
5
20
1
62
2
3
2
26
1
345
10
1
0
1
32
5
8
27
6
3
52
6
0
7
25
23
9
19
1
1
6
3
0
30
1
6
10
188
8
3
18
2
59
16
36
33
6
7
46
1
10
1
2
13
73
16
15
43
2
5
37
29
8
20
4
14
0
21
10
11
3
2
9
4
8
12
18
0
171
38
26
21
3
2
9
2
18
5
48
20
85
21
10
90
10
2
32
5
1
33
0
3
7
34
7
7
5
3
0
13
4
0
7
2
13
3
1
6
16
15
2
2
18
13
1
13
1
2
43
25
30
7
11
7
5
1
7
2
19
3
8
4
22
4
8
3
1
19
8
5
2
1
17
19
13
19
14
8
7
2
19
0
6
6
38
18
7
46
10
6
26
78
9
2
1
3
3
29
49
4
1
22
52
112
11
2
53
7
8
3
5
20
7
43
4
6
2
18
11
3
10
70
5
83
3
1
1
5
60
6
0
13
19
1
11
2
14
1
8
0
18
1
4
3
4
0
29
6
9
4
44
17
1
22
8
6
3
17
5
1
5
0
5
70
10
14
7
17
21
12
38
0
36
9
18
12
27
21
14
12
15
11
15
0
23
88
11
5
0
8
207
35
0
45
5
12
9
43
16
17
0
3
2
9
2
27
2
4
4
16
12
13
0
47
33
28
8
43
29
0
76
2
7
1
1
18
3
2
24
13
0
1
8
3
13
27
75
10
2
20
6
6
62
10
2
50
1
201
0
0
2
0
0
4
12
20
8
9
3
1
1
6
5
4
9
24
2
6
0
1
44
65
12
0
4
20
2
77
0
63
2
5
7
1
44
19
3
2
1
213
23
22
84
86
27
3
7
3
4
47
18
13
25
0
29
18
0
6
0
13
9
2
0
3
0
30
75
4
0
7
3
12
12
3
4
8
6
27
7
30
37
13
39
13
9
83
33
1
31
56
12
27
2
14
11
12
4
5
1
1
2
2
5
0
0
6
8
1
15
2
5
5
27
98
7
26
0
33
3
20
9
6
42
16
24
18
1
8
123
3
8
3
5
0
37
6
29
5
5
5
1
4
5
15
33
2
20
26
43
8
1
0
0
37
1
18
13
6
19
9
19
74
3
0
19
31
5
3
5
46
1
20
4
4
10
0
0
56
5
31
4
26
122
18
25
8
5
4
6
22
14
29
0
1
1
0
19
53
1
16
27
37
5
0
5
4
1
7
2
7
4
43
47
8
5
2
2
15
59
10
7
49
9
38
5
8
35
28
5
9
0
1
6
10
10
1
63
20
0
8
10
2
21
0
11
1
4
17
35
36
10
15
46
1
118
7
25
31
184
10
11
12
30
24
9
35
18
1
16
37
87
45
7
3
1
5
26
3
5
52
20
21
6
0
61
45
50
7
10
29
19
3
38
2
75
33
0
0
7
6
2
5
4
6
3
1
3
4
4
6
1
9
2
7
2
0
0
1
4
18
4
9
3
0
14
32
4
3
25
1
5
7
8
13
8
2
27
23
3
20
74
5
3
69
7
1
13
7
13
65
3
0
6
0
5
15
8
1
18
7
15
0
33
18
1
10
32
7
53
14
5
13
6
6
30
2
34
20
5
16
30
0
30
0
13
66
10
99
68
1
74
11
18
57
3
6
5
2
2
6
51
6
11
12
88
0
13
13
38
3
18
516
24
1
210
0
21
20
7
7
3
4
15
0
11
37
32
1
42
7
3
4
3
10
0
27
3
12
0
48
8
13
14
9
2
6
32
250
25
13
13
2
5
1
3
33
51
12
47
5
10
32
33
4
15
3
5
18
1
4
8
1
5
1
12
12
1
3
32
1
13
18
32
76
30
17
13
19
6
1
6
14
1
2
4
14
10
15
7
8
5
1
10
4
1
438
3
20
10
53
28
9
26
10
21
12
22
5
4
15
136
204
7
18
9
50
3
1
5
3
4
0
0
16
17
91
10
18
6
20
2
7
4
11
61
3
13
19
77
40
11
8
4
18
10
7
1
31
2
18
40
49
70
3
49
27
10
30
100
18
17
56
8
1
26
2
3
8
5
68
1
4
2
39
1
1
39
11
8
17
32
5
21
11
37
6
0
68
6
54
4
33
21
4
2
0
8
32
22
8
1
11
12
24
2
2
3
9
5
21
0
9
147
2
12
8
22
0
36
4
23
16
2
6
5
5
4
7
3
0
5
1
4
47
21
25
4
81
11
23
8
3
1
6
0
12
77
86
60
0
54
282
74
7
42
2
25
0
22
20
28
1
18
81
14
0
3
7
12
12
41
10
49
2
34
8
1
6
17
45
5
36
175
17
59
4
19
1
0
10
21
5
8
6
82
19
23
11
15
1
13
7
1
91
0
13
7
40
10
0
28
2
17
12
274
12
12
8
0
33
0
63
18
16
2
51
52
1
13
1
2
2
0
72
1
16
0
14
13
14
33
41
32
2
8
57
1
215
0
11
32
18
26
6
14
41
29
5
9
3
2
31
2
3
4
1
5
5
3
11
133
1
6
10
15
44
5
13
0
4
4
42
3
12
4
19
6
4
12
12
8
26
6
9
92
3
30
1
3
1
2
6
26
1
77
5
7
0
7
0
55
19
2
11
25
16
6
4
26
51
6
13
0
13
14
2
3
2
0
25
0
4
8
285
11
8
4
12
9
12
4
25
9
17
27
0
77
9
101
3
7
31
4
2
3
1
2
1
21
10
4
9
31
41
37
5
66
11
2
6
1
4
15
12
8
3
9
10
8
33
108
5
67
14
19
10
37
105
14
32
4
34
25
1
8
131
31
8
1
1
14
15
1
12
4
5
29
9
49
32
2
4
14
4
4
5
8
8
20
0
73
3
13
43
30
11
2
1
6
2
23
18
30
14
1
19
8
14
1
42
20
35
3
6
2
14
50
7
0
12
7
12
3
25
24
17
21
3
143
7
2
19
10
0
64
0
35
3
7
10
20
86
0
3
33
26
2
8
4
3
1
7
0
93
1
89
3
8
9
39
1
17
27
0
59
17
0
48
2
1
45
2
5
2
12
12
59
9
11
5
3
6
4
5
9
2
9
4
10
97
14
4
8
18
36
3
42
1
3
71
15
9
5
1
8
249
1
24
0
90
8
0
6
17
54
2
90
2
32
3
31
20
0
80
10
2
5
21
1
10
2
3
1
14
23
2
7
37
0
3
6
79
8
9
26
0
1
1
15
10
11
16
3
4
412
3
35
8
74
19
198
1
9
1
1
5
8
71
1
2
18
8
61
4
16
5
0
1
4
18
0
3
4
6
11
28
7
27
21
7
2
8
23
15
74
16
15
7
10
2
81
0
2
29
3
0
25
35
2
3
6
1
73
0
61
9
4
9
3
10
38
5
1
69
3
16
0
0
26
3
6
12
19
5
9
21
11
6
61
3
17
4
2
1
29
24
3
2
11
0
2
3
0
9
2
2
0
11
0
49
28
6
10
0
36
22
6
42
81
42
7
28
17
1
34
6
6
15
19
4
14
2
14
10
11
2
4
112
1
19
6
26
8
64
7
24
4
26
26
4
5
0
11
16
17
36
5
13
0
5
35
6
239
126
62
33
4
43
6
2
3
0
2
2
2
3
7
8
71
9
0
2
7
22
0
16
38
62
13
3
2
14
20
129
1
5
6
0
5
9
6
12
24
0
60
8
6
16
9
6
6
79
5
1
5
7
0
39
34
51
0
3
27
33
6
2
5
47
71
60
68
29
5
16
9
16
2
33
27
20
5
67
4
1
75
15
18
17
4
47
2
61
16
6
66
5
1
2
32
23
16
18
18
4
69
31
2
56
102
10
10
3
11
5
2
8
2
4
32
92
8
2
14
2
14
4
31
0
6
39
0
27
54
37
11
13
7
12
4
9
9
3
1
34
10
3
1
8
48
12
2
7
0
74
3
35
29
15
2
4
0
9
6
27
7
9
0
12
39
22
10
0
11
23
21
49
52
66
28
15
0
0
11
5
14
15
7
11
3
24
3
62
6
6
6
20
149
32
63
4
40
0
29
29
1
28
9
9
3
17
1
85
23
26
25
20
16
8
21
50
0
1
76
50
42
5
1
0
1
82
25
9
5
50
7
6
4
32
121
0
7
1
8
16
57
3
21
47
0
10
29
0
28
1
24
0
3
6
0
30
1
9
5
4
0
17
1
3
31
5
98
10
20
7
26
14
60
4
22
28
23
1
53
66
29
25
108
7
8
1
34
81
0
4
3
21
16
12
2
1
8
8
0
0
9
2
41
16
4
19
5
34
29
20
32
16
5
19
23
6
31
23
26
5
15
6
9
4
29
27
30
21
12
10
45
6
51
4
122
10
5
4
5
18
5
19
9
51
58
71
32
25
13
5
8
17
50
4
16
34
1
84
4
0
1
4
2
3
90
11
21
32
37
1
34
6
3
15
0
14
3
8
16
16
12
12
9
1
1
31
26
50
24
280
44
5
5
3
0
107
0
7
1
11
5
34
1
13
1
54
6
105
62
28
0
2
19
1
6
4
10
19
9
8
129
0
7
4
0
2
2
204
2
0
1
10
27
3
46
2
5
97
69
3
11
7
10
4
3
10
21
102
1
10
0
10
7
6
0
9
19
1
3
13
24
8
0
2
5
28
3
25
15
0
11
40
19
1
8
3
0
2
59
0
2
32
0
15
2
6
6
119
29
10
16
59
7
8
15
18
1
3
1
15
2
16
23
5
34
1
22
17
130
2
16
22
17
4
5
76
5
1
6
9
1
17
88
7
36
99
16
67
65
10
6
16
10
12
5
4
7
20
25
6
18
14
11
0
18
6
0
15
91
10
17
74
45
10
20
0
46
9
15
2
1
0
2
9
10
22
7
37
63
1
43
4
3
36
8
2
88
17
9
2
53
17
12
3
4
3
24
17
48
2
28
18
6
6
4
6
10
8
7
2
3
4
5
65
11
4
24
14
12
10
12
9
7
11
1
9
2
41
53
30
29
12
27
6
8
9
2
5
43
27
8
6
31
8
0
18
47
26
54
28
13
1
5
4
70
50
33
4
0
15
9
10
0
8
20
2
15
16
17
10
28
20
2
19
14
19
21
2
9
1
1
57
51
25
58
23
43
18
11
11
385
17
40
5
110
15
2
13
115
35
3
40
141
41
18
2
1
6
60
113
27
2
10
5
1
31
13
16
17
18
16
2
210
2
45
49
74
51
67
17
232
26
164
2
76
38
3
91
171
0
13
24
43
35
6
123
1
5
4
47
51
24
31
38
64
8
34
152
39
19
5
11
4
21
51
21
21
80
13
103
10
15
97
53
9
11
220
60
19
29
5
2
27
216
0
39
126
45
14
54
30
4
36
15
36
20
93
11
77
5
180
7
397
52
43
36
90
119
34
7
1
4
107
13
32
22
68
25
192
2
175
3
7
21
16
0
2
137
2
77
12
18
3
191
991
6
2
54
220
95
5
6
16
297
66
16
7
87
5
15
65
34
13
165
7
70
51
17
0
48
37
72
51
24
12
466
27
238
5
33
66
46
22
12
10
161
126
7
3
6
140
0
4
55
38
14
342
2
50
3
91
2
29
28
1
56
7
77
2
51
27
315
5
3
11
1
32
7
6
46
3
9
158
2
4
13
0
2
58
0
57
66
55
70
7
54
19
25
21
21
69
1
22
93
5
82
63
110
27
16
188
2
283
7
16
17
36
63
19
96
231
85
138
22
26
211
85
116
16
72
29
9
31
151
34
0
85
37
13
8
93
143
35
21
3
168
113
22
0
130
11
71
46
35
1
49
35
42
15
13
59
76
73
5
37
9
410
108
170
29
24
19
56
21
0
43
17
87
85
32
54
7
173
32
41
71
5
16
23
9
66
99
4
65
62
11
34
43
1
35
40
18
84
48
19
10
7
88
20
157
9
9
10
106
128
60
71
39
29
118
4
48
95
27
30
14
22
43
15
11
965
24
12
46
10
56
50
13
0
7
39
16
1
30
29
82
56
7
80
321
11
25
8
4
86
17
109
116
4
1
8
109
26
39
13
1
9
6
119
19
10
3
139
147
7
99
78
20
90
130
20
45
13
72
21
27
42
14
60
120
32
27
66
50
61
1
220
28
25
41
61
3
113
125
5
99
0
10
259
80
80
58
6
104
13
314
32
114
20
135
0
46
8
49
1
15
1
25
9
48
68
6
117
25
9
106
67
115
19
33
499
1
74
91
38
32
89
30
91
11
166
61
35
13
53
13
33
110
23
12
110
29
26
97
189
0
38
7
87
18
62
5
17
16
19
5
2
15
0
21
16
2
11
27
33
4
31
88
59
20
100
23
1
22
10
35
106
24
32
22
29
57
78
159
2
137
1
1
43
4
40
79
10
34
2
89
12
40
5
3
5
136
23
4
90
111
45
43
102
86
33
7
129
39
51
15
37
41
54
12
265
0
13
25
81
1
10
50
45
54
8
37
108
58
12
168
221
97
60
6
89
110
137
41
55
687
54
16
88
12
5
26
20
0
155
11
59
120
143
26
39
116
12
56
3
7
127
0
262
28
921
83
62
70
18
3
8
135
403
2
397
101
12
19
97
214
0
30
2
62
56
43
30
151
239
40
33
40
57
2
11
70
20
23
157
19
32
112
44
17
61
429
168
177
5
193
129
39
0
188
519
1
137
12
76
130
30
125
67
129
85
8
8
42
65
66
38
215
307
77
5
8
113
30
37
68
26
148
15
48
162
54
87
243
30
1168
96
