125
201
416
467
207
233
344
572
433
455
465
447
534
494
540
368
306
303
228
811
379
596
221
0
185
291
25
522
118
631
546
2
351
229
24
226
284
0
0
0
13
787
0
277
77
333
237
38
8
736
0
90
325
576
38
729
766
790
382
0
390
15
45
179
745
84
742
684
130
334
339
88
18
22
228
431
655
518
340
659
202
279
709
69
103
0
12
723
91
81
6
547
534
182
843
343
252
0
141
183
357
121
372
124
626
41
0
402
629
788
0
0
205
0
305
0
815
70
176
60
700
345
205
413
113
639
120
54
131
122
753
15
28
0
811
85
728
248
641
134
271
534
220
177
279
111
476
292
730
705
288
111
79
21
432
773
51
478
384
574
72
460
0
736
155
124
720
610
91
513
0
104
274
176
375
47
505
370
300
740
159
592
641
19
0
0
125
0
238
635
510
187
513
157
98
312
45
337
662
343
238
18
74
353
144
147
703
12
470
540
43
615
834
437
86
454
83
498
114
152
656
0
0
116
778
0
634
516
365
241
118
142
0
107
170
208
349
199
0
74
570
760
27
136
100
361
139
816
357
149
747
99
77
111
0
0
0
487
603
0
341
45
828
150
0
334
697
773
15
140
11
706
169
51
254
368
725
43
37
118
164
98
783
225
160
332
600
20
435
224
13
275
251
201
34
711
502
320
130
618
216
319
154
237
0
169
331
0
205
366
0
23
85
220
366
198
327
157
525
0
713
0
483
692
463
295
356
165
25
406
552
180
59
25
478
190
260
0
219
64
96
611
123
159
154
171
193
128
257
114
175
168
132
105
47
172
783
265
339
172
732
716
829
388
0
215
803
0
30
9
750
0
674
328
186
0
0
16
296
308
555
93
418
212
166
106
41
191
408
79
102
3
173
65
48
657
791
103
0
750
615
275
194
0
173
444
82
809
387
23
0
161
18
415
93
195
210
298
105
757
0
291
260
144
494
389
71
428
567
518
356
80
592
515
630
56
16
278
289
8
183
40
314
441
823
137
80
6
168
70
463
448
542
527
37
594
136
374
511
405
175
62
0
327
795
482
124
859
0
86
106
393
783
178
9
559
850
191
163
362
474
97
41
176
276
35
157
399
37
16
83
260
256
0
117
585
0
93
529
95
44
7
0
112
244
246
143
135
252
15
65
66
200
144
274
36
811
574
685
768
152
676
264
66
106
314
158
0
164
202
49
358
301
308
369
599
223
68
15
62
671
180
743
76
17
824
0
127
192
137
122
0
773
18
73
209
200
284
113
322
0
400
235
144
646
635
367
732
584
472
0
280
72
29
491
71
189
162
0
233
119
338
771
285
562
0
530
167
736
190
87
170
111
179
203
666
48
54
26
191
18
51
217
332
125
99
595
304
0
10
480
406
88
137
18
8
671
157
53
727
396
702
287
613
0
14
628
508
701
773
44
126
163
169
338
206
693
395
84
100
38
118
50
79
168
103
150
33
281
387
30
39
102
189
101
85
789
622
250
26
46
166
321
181
779
192
0
143
173
22
27
15
174
165
153
754
484
43
16
110
4
204
20
11
100
9
192
352
579
0
0
150
151
81
49
324
240
186
7
129
0
165
128
119
297
816
105
109
0
359
0
236
214
78
61
324
120
858
448
195
41
49
156
484
534
504
138
861
7
222
681
381
744
151
78
798
25
130
82
19
691
137
413
307
436
64
127
44
426
73
387
129
188
22
63
61
117
5
193
140
60
102
40
158
156
204
177
149
123
21
596
139
27
104
7
526
231
164
41
279
619
162
748
0
21
347
139
54
92
151
499
611
46
404
19
172
0
155
234
50
831
87
163
836
845
0
103
71
153
307
411
154
157
184
165
201
172
161
420
310
178
90
0
74
0
134
182
22
16
609
524
49
389
11
66
94
283
107
731
202
398
48
95
193
38
0
87
375
0
602
378
116
17
217
360
138
145
50
28
12
506
99
0
580
29
0
493
175
345
303
544
222
94
192
269
617
316
446
0
674
453
0
550
0
122
169
0
756
155
0
715
185
42
242
77
246
147
134
52
323
319
119
293
363
278
703
68
300
282
591
754
67
190
0
150
761
25
401
29
84
367
0
37
183
0
188
57
271
587
310
71
33
38
315
32
119
801
58
361
67
73
10
89
422
376
75
213
225
0
94
311
8
46
57
839
8
302
403
10
452
138
28
204
140
48
0
231
313
303
114
0
212
34
49
456
171
190
239
54
604
797
214
82
408
184
0
563
144
821
351
205
22
830
221
96
804
412
429
21
696
17
47
299
19
208
40
40
94
64
171
11
201
85
203
520
564
573
318
0
182
245
96
253
103
60
0
160
177
306
18
203
102
194
181
0
177
213
158
199
56
374
77
807
352
155
3
678
167
64
347
36
196
386
646
217
9
43
78
0
773
0
712
200
750
407
309
31
740
25
30
8
552
421
0
69
38
70
132
82
400
5
168
163
601
248
153
164
0
294
72
84
0
0
20
24
62
12
560
74
69
98
847
0
150
216
120
154
734
154
74
13
4
6
129
91
176
55
0
31
331
30
842
124
41
0
157
178
0
60
186
0
3
113
5
25
171
124
323
97
27
860
44
26
309
33
36
442
324
209
186
137
6
98
0
66
37
142
169
9
131
358
207
56
182
97
321
21
0
0
160
295
199
123
182
680
460
85
379
0
43
352
12
320
73
3
745
165
22
10
16
259
392
667
308
21
146
397
158
126
228
780
198
503
139
0
20
243
263
110
211
107
70
45
127
76
177
177
768
174
128
0
350
117
38
34
266
42
69
42
197
267
262
189
36
86
54
44
262
108
734
538
687
310
27
15
719
113
259
143
76
18
180
270
166
162
29
302
0
793
100
568
853
211
699
72
749
801
165
153
0
286
403
364
544
40
852
0
312
112
168
78
42
127
134
856
596
63
98
92
2
175
10
160
548
99
180
179
282
336
824
259
10
136
10
27
315
32
70
649
0
410
158
0
68
33
223
196
187
640
226
269
0
171
0
661
468
125
200
414
17
689
36
108
835
0
399
164
459
768
209
178
289
0
186
412
142
161
0
0
839
235
0
280
0
462
341
294
377
46
119
385
643
31
81
0
222
48
20
794
9
11
276
0
2
3
43
196
0
14
150
434
203
0
207
633
13
215
12
178
217
270
141
466
150
135
12
162
11
226
56
136
196
335
151
181
102
364
486
50
104
177
566
159
4
337
60
0
9
39
328
416
230
63
646
10
149
5
23
781
236
667
373
206
0
66
33
121
25
0
299
39
160
576
63
15
418
191
35
170
419
49
315
92
0
62
192
105
253
0
0
50
249
118
481
237
145
13
471
126
371
4
133
0
53
352
49
174
113
31
16
10
440
173
193
69
44
13
0
764
0
174
348
332
209
488
265
0
96
106
206
45
26
38
3
394
0
285
250
6
346
202
542
19
43
35
856
389
406
306
170
14
104
20
582
23
304
275
126
7
114
7
205
0
31
14
398
262
36
15
168
146
276
257
81
49
22
236
268
569
14
624
370
344
97
273
148
107
694
58
25
281
16
819
16
0
316
381
57
650
106
329
35
15
317
409
348
143
0
196
707
108
296
99
109
822
147
0
849
149
832
191
210
120
27
135
218
47
841
397
146
824
96
0
863
0
0
151
146
792
3
59
643
360
0
292
145
718
58
620
3
220
291
141
450
148
394
195
169
193
133
290
373
142
187
179
383
172
212
622
0
627
352
243
391
197
47
65
93
340
59
607
848
844
239
24
80
396
156
326
104
10
477
22
175
21
126
664
409
99
99
176
42
34
185
0
496
28
267
31
359
258
151
75
124
57
720
199
58
330
673
94
658
9
0
266
0
24
607
161
188
355
129
0
4
0
32
107
103
194
211
818
533
114
654
0
846
46
37
54
133
117
293
46
0
0
15
318
500
215
0
8
44
29
203
159
171
95
270
613
527
70
71
0
472
290
39
576
158
0
29
128
664
0
179
763
670
685
864
32
0
605
101
782
287
122
38
414
26
112
128
166
457
104
402
34
717
218
118
43
0
260
247
42
242
161
50
229
837
100
0
121
22
233
31
138
180
20
660
36
188
430
80
95
588
105
14
0
114
245
126
132
83
20
214
196
0
581
14
32
88
139
62
96
235
342
0
420
0
720
137
148
173
225
92
39
125
313
417
31
862
121
0
115
30
206
0
130
405
219
439
60
0
297
36
0
84
3
148
33
254
309
272
8
99
131
0
212
301
697
52
184
67
51
27
207
758
35
117
68
762
8
83
55
14
55
26
256
723
198
365
63
162
4
264
0
0
10
21
305
232
423
14
21
24
112
53
316
285
312
0
0
21
571
0
159
183
103
0
87
425
442
154
410
11
488
116
269
89
137
152
86
111
2
232
120
35
18
116
197
458
193
0
186
605
335
53
115
141
79
25
258
0
322
185
191
517
201
0
20
2
263
312
118
403
0
79
219
1
77
43
210
175
274
380
14
101
1
231
123
22
170
161
0
130
255
632
264
106
147
384
21
149
147
19
0
46
23
174
176
143
0
183
185
0
184
62
31
349
243
681
427
109
155
260
800
135
709
4
20
108
268
0
155
52
669
1
204
346
92
521
101
51
145
90
6
824
35
0
283
184
772
83
0
110
175
97
140
179
32
805
288
42
54
23
142
0
469
69
6
224
736
167
296
43
209
0
662
509
681
81
194
851
853
232
112
0
112
0
34
77
19
181
238
678
172
31
83
304
4
257
26
145
14
124
549
294
156
208
16
56
0
13
820
0
0
127
40
558
551
0
64
281
278
9
635
136
211
35
129
0
194
258
89
87
651
71
240
173
164
10
45
134
121
392
60
0
301
117
261
445
377
0
512
474
638
311
88
40
651
411
39
0
157
167
189
58
163
0
198
799
651
63
42
104
72
0
46
6
539
277
144
146
9
138
766
0
19
28
88
28
451
0
190
36
169
121
12
45
67
57
690
276
71
242
565
0
241
677
37
557
189
531
164
417
11
27
179
100
224
379
23
37
6
0
98
96
247
95
0
0
0
86
0
245
9
39
135
726
255
795
17
288
90
105
248
708
0
0
84
5
0
66
0
561
759
376
0
0
0
688
94
0
415
68
20
102
419
223
24
29
28
32
216
501
71
19
199
0
204
372
9
490
20
0
624
0
144
46
0
0
293
0
786
267
163
166
57
0
363
140
87
26
808
438
590
0
89
76
814
72
208
84
230
0
0
1
76
202
75
207
109
107
156
65
285
167
316
0
0
18
171
7
523
272
151
89
497
106
300
620
213
148
78
59
88
214
179
42
307
108
61
145
0
210
165
26
153
112
76
69
55
645
89
713
305
159
251
250
52
135
194
81
118
19
556
386
532
194
369
48
111
93
133
188
50
256
5
91
187
0
250
833
173
21
61
101
284
234
588
115
128
178
38
336
12
184
131
187
138
227
229
34
354
289
78
95
67
70
314
11
15
21
22
141
214
278
192
18
0
23
837
285
156
377
695
492
51
424
49
240
3
189
272
221
34
75
195
20
283
17
183
55
34
12
211
395
30
110
0
393
77
197
298
299
45
273
0
162
311
107
55
0
30
0
170
234
218
208
64
167
110
3
22
91
160
23
809
53
136
129
507
133
210
26
123
0
390
350
101
116
93
27
362
5
297
381
136
100
20
185
46
152
385
0
252
0
87
61
0
370
216
16
75
32
401
249
33
6
102
582
24
143
134
855
8
586
330
765
282
176
552
1
127
48
45
21
40
78
59
12
23
9
0
6
7
90
74
21
26
12
35
32
133
69
128
8
23
273
111
95
147
229
0
66
68
170
138
19
9
27
106
98
227
51
115
0
30
0
181
46
245
85
49
37
119
15
47
27
5
117
805
55
73
17
10
0
0
206
16
28
113
243
342
329
0
35
0
45
11
197
12
8
61
104
198
86
0
187
30
0
0
0
141
41
47
0
0
1
4
56
7
8
42
110
23
269
5
75
37
249
57
67
145
3
0
0
90
131
24
14
239
34
22
53
162
36
123
64
7
116
54
26
56
87
58
168
0
0
129
27
139
125
81
131
91
21
97
7
2
92
39
30
92
133
15
12
65
0
0
1
266
227
10
241
0
11
0
326
53
57
255
127
0
38
1
103
34
3
143
52
53
142
65
30
0
68
24
101
0
91
22
1
44
108
41
0
0
26
158
40
11
19
39
109
58
5
109
65
247
146
61
51
114
28
51
10
64
22
152
9
0
26
115
17
0
79
0
48
4
60
88
37
126
160
72
174
73
101
19
0
67
16
35
0
30
49
41
132
53
4
122
59
0
94
7
151
62
122
113
6
41
9
89
19
90
0
60
94
24
54
18
28
32
91
72
1
13
52
7
295
132
0
140
1
0
0
47
0
2
82
27
67
80
25
38
59
254
51
1
39
3
381
298
84
52
147
44
149
286
108
93
2
290
36
154
0
17
70
39
41
123
155
92
5
1
5
0
114
2
79
149
102
18
142
75
18
116
56
31
13
0
88
80
182
200
2
0
0
121
153
167
17
0
29
42
77
82
70
52
194
30
253
0
213
4
73
33
81
0
1
0
9
50
2
86
40
130
25
0
0
52
53
86
16
148
11
71
109
43
0
317
17
97
291
39
29
24
32
4
30
44
29
76
98
107
28
6
27
188
83
0
63
43
28
68
13
0
33
82
5
0
32
9
45
65
58
41
50
89
2
37
161
100
34
42
47
0
29
52
0
302
172
0
12
1
30
0
12
5
95
0
69
159
7
263
7
1
85
0
48
16
120
140
33
6
75
24
25
13
4
65
131
29
11
31
3
110
40
156
41
63
146
33
62
3
13
12
151
265
130
24
2
48
56
0
28
22
0
120
90
13
218
5
29
28
67
268
16
32
32
63
17
40
148
6
244
141
0
0
58
2
39
173
44
80
0
36
14
153
21
134
68
35
124
10
163
105
47
76
13
55
166
0
61
10
24
61
0
44
78
59
132
3
96
190
33
23
62
59
11
15
115
6
80
50
8
18
47
181
29
18
20
47
37
1
25
8
6
15
1
18
11
50
2
17
7
74
19
66
0
22
23
74
17
48
82
4
132
4
2
19
23
17
20
46
13
83
17
85
48
12
31
14
29
15
8
16
78
2
0
8
135
24
0
2
73
139
5
64
93
14
33
17
40
26
5
10
38
0
14
3
45
35
0
31
55
166
0
7
23
65
5
13
28
11
4
24
6
5
43
7
178
14
0
97
57
122
19
6
1
105
4
44
31
20
4
34
8
13
11
23
3
42
36
25
2
