9
18
3
4
21
10
24
1
0
9
4
36
0
2
2
7
6
23
45
0
38
6
40
2
7
3
7
1
11
0
7
0
1
10
10
30
5
3
146
39
16
9
7
0
0
2
33
0
0
1
0
70
17
10
2
16
1
0
0
0
0
0
1
0
17
0
0
2
6
8
0
0
0
0
0
2
0
0
5
0
7
0
0
1
0
0
0
2
0
1
34
0
1
8
2
1
3
1
18
155
4
0
0
2
3
15
0
0
0
1
7
2
1
1
3
5
0
0
2
0
5
5
5
0
3
2
1
0
0
3
0
0
0

0
1
16
2
62
0
16
10
1
5
4
10
12
4
1
0
0
5
7
0
2
0
0
0
1
1
11
0
3
0
1
33
0
0
1
6
17
0
1
0
2
3
2
44
39
1
0
0
4
1
27
28
0
17
16
1
0
0
39
2
6
2
17
1
2
0
49
0
59
2
0
1
0
0
0
2
0
0
0
1
0
3
1
1
2
26
2
4
382
1
0
0
7
0
2
8
0
55
2
7
3
0
0
1
11
3
0
0
0
0
0
94
1
0
1
0
4
1
0
4
1
0
84
2
3
0
3
0
0
22
0
1
0
1
7
1
0
1
0
47
0
0
2
1
8
4
3
16
2
1
11
0
0
1
3
19
2
2
45
3
0
0
7
5
0
25
1
39
5
7
0
0
2
0
2
2
3
4
1
0
14
