7954
3991
1208
1008
3866
3284
1578
718
1112
1043
1013
1077
790
921
780
1421
1981
1992
3348
327
1373
673
3467
1845
4500
561
50563
821
4678
615
776
4690
1553
3337
5159
3371
615
504
1553
1446
82702
379
3344
752
3024
1717
3244
32628
1966
446
4235
2560
1830
706
2685
465
401
375
1359
49345
1311
10928
426
4692
436
13411
443
545
7698
1716
1645
2578
517
248
1279
1127
583
826
1633
578
3959
708
488
3814
2111
861
944
474
1003
10621
7821
773
790
558
244
478
996
778
1112
4593
1510
624
1406
8115
622
544
1320
230
618
378
2830
866
3924
613
1987
28917
321
15330
581
18275
513
1576
346
1221
1823
600
8412
2192
561
4989
424
77113
18500
1087
327
13169
467
2881
595
7570
2441
790
1321
4789
708
1867
975
557
461
495
2126
5183
2749
2191
1120
396
7551
971
1352
715
15179
1024
514
446
5785
609
476
647
2500
850
397
7472
2378
2016
1393
310
880
1411
2009
444
3483
677
595
7160
2387
519
1381
1901
1147
605
859
2320
850
5692
11402
1935
37650
1658
573
1582
3220
30614
3190
1548
1056
2109
497
13390
992
780
239
636
279
1103
3083
1045
2274
914
1803
872
582
2456
2616
1749
394
1596
607
831
1436
1094
6469
6616
388
193
341
270
1559
367
25471
1427
722
412
772
538
8411
429
531
316
437
4070
435
770
8134
6588
432
662
138
942
662
785
1617
2957
298
433
1097
508
516
396
14176
3279
950
492
2152
2355
980
390
473
2266
1194
5482
2265
821
385
3414
1214
1742
671
1532
1110
3427
47117
2361
2838
2007
4229
487
902
1880
1313
631
1501
1891
1646
1134
2027
869
516
872
318
396
47648
33374
1840
3493
1434
2094
551
811
809
7508
484
922
958
529
1019
538
439
2247
6420
224
758
2431
5363
19912
971
220
2643
1726
3582
556
6306
643
6056
397
3630
336
149
582
969
686
322
343
555
800
2110
625
385
886
493
329
457
482
295
1329
8629
3639
348
15891
5272
7373
426
9158
553
541
479
5424
434
44156
2054
1957
750
940
1204
3675
1071
5364
2397
4261
1233
13978
491
4217
616
448
1906
580
372
814
381
426
636
781
1694
1051
616
1083
12097
329
307
2597
703
2308
64653
1216
2478
115
3770
666
2095
419
596
694
921
2388
921
304
15223
1149
729
826
1519
3443
677
848
616
15253
32454
2250
2120
7178
285
2493
595
1087
304
3154
10809
28764
939
12294
1019
1073
779
804
429
676
4657
350
858
1260
607
20243
6709
1796
361
962
609
149
1816
10136
793
1307
385
312
6693
739
208
2273
2294
428
977
879
3465
4828
777
22071
407
1283
3661
1207
1228
2643
970
970
1685
690
67549
2402
801
2359
9683
2309
6713
697
1041
1078
6554
539
991
4009
1761
1750
1598
6488
789
4314
327
715
543
399
1652
552
889
16820
237
1929
2569
218
735
1576
7185
1496
2007
625
386
672
1264
379
9407
1841
558
4646
442
14310
4390
302
1340
1353
1772
7264
1498
1033
396
3610
3547
233
360
2199
688
1862
2316
243
1199
484
590
605
1426
457
691
979
17300
747
4066
5552
934
4230
454
1200
465
1174
1565
497
398
2198
735
2499
800
344
446
453
1037
859
1773
300
3958
570
234
12484
12432
1802
7220
11410
127
513
5954
11284
675
1991
5675
6213
967
1238
1026
536
36584
86159
558
2627
564
469
1296
503
2135
638
607
52725
619
867
504
396
18595
5565
736
342
1652
1517
523
1304
3253
653
9133
8538
7582
10932
3030
7942
4048
13667
2235
1333
2115
17959
821
1843
8364
1096
376
624
2845
1091
2513
699
569
559
393
423
176
4442
327
32292
23137
638
324
353
422
421
951
19137
7734
752
3071
326
2438
55313
8845
15433
4233
445
704
17972
3354
916
970
1264
2379
1835
3148
4485
32355
3928
673
5207
3932
637
2052
316
7849
1824
11572
1484
7591
3252
1565
1329
1873
560
1637
156
1073
423
709
33700
818
951
790
892
3391
120
94033
1393
546
320
437
876
3863
357
564
562
2793
957
530
4645
145
1970
1105
4328
599
3142
1159
4018
307
1330
243
694
595
10727
8618
15703
1703
1120
5097
2183
7621
400
5716
1555
2544
981
1440
34625
673
2989
949
401
73095
807
1180
1164
327
2245
627
378
428
2570
81949
1566
1189
7150
2430
2726
908
643
37616
1263
2780
710
3511
1597
1172
266
286
9813
1168
269
239
1896
443
229
857
298
162
2693
857
503
734
366
649
812
1197
1941
1976
1005
1821
3455
155
3700
518
690
98083
648
814
301
1325
11801
3954
9081
2206
784
458
335
269
7830
896
447
1062
2070
13024
348
7313
664
1377
1582
528
3629
1482
3141
483
21837
1466
17864
878
2246
304
702
397
2595
922
597
468
648
778
3455
2362
186
828
633
1910
1078
412
553
1047
354
762
2116
623
5081
867
420
832
464
483
1886
512
1052
2887
1033
458
1269
2319
564
579
4620
687
1450
762
497
9102
454
2216
679
421
3874
1809
906
5990
409
1816
1275
1401
7203
395
1281
9389
555
866
1855
1127
811
686
246
3758
1052
49365
1925
5022
5394
349
983
1477
4958
1531
50745
6742
1174
1386
1414
1419
1323
4252
9846
617
4585
14203
5602
251
20127
653
229
16458
1049
1203
2360
348
524
2584
1761
1236
601
370
6839
4336
1440
10387
7607
1039
640
2276
1097
1425
658
360
3644
2418
223
280
398
734
4337
309
447
1543
2183
289
1284
886
345
156
1133
18299
518
7508
335
2027
449
3804
627
344
6574
5163
664
4906
1591
2645
1564
823
733
717
580
568
288
1035
8869
983
5649
21658
3936
3460
2003
636
8610
331
5661
4117
527
536
626
202
843
392
2158
1400
1330
337
445
413
139503
549
688
14372
461
437
2225
1340
590
1446
12996
29651
8111
4857
396
1387
486
385
426
1237
1945
1196
444
856
712
52769
758
1176
1463
1675
21033
292
3762
1249
1276
96493
2161
375
669
1048
3652
3166
50763
2067
3491
2688
412
130
8133
359
696
27977
738
3978
318
2202
231
1081
978
3638
626
416
454
924
14188
6341
26431
94458
4273
9415
2699
20155
315
15023
1745
19826
247
4178
7481
183721
3544
2521
1485
5815
2329
2595
205544
6188
29351
3157
810
1452
1857
2222
28495
121
2251
502
621
1430
1223
1084
560
1476
1863
3487
45452
2350
3848
4913
21378
1108
2942
69532
4064
436
289
6620
1910
9429
1878
32821
5580
824
388
673
4050
615
2393
547
1024
3095
339
2016
522
445
50018
575
3474
18487
436
714
5428
1730
591
959
1310
569
286
249
962
1289
5539
607
1217
390
371
899
1121
403
2016
1047
897
1907
140
7025
4275
9522
3934
3941
579
314
399
645
4432
2113
448
4686
17478
988
860
19294
9053
6984
2138
859
908
507
51294
1338
5733
442
899
7557
454
785
542
619
29723
43973
477
6868
2647
498
1410
2916
561
816
2232
2297
430
410
1589
369
2143
727
194
250
515
1586
427
349
1105
1649
2233
613
229
1437
778
3614
201
436
1935
9715
673
2831
244
4440
3481
159
673
14600
870
2499
173718
643
120178
767
772
5999
297
1973
740
1678
302
934
66525
1183
5870
498
591
117
3567
589
1041
173
3525
2366
12927
17094
1357
4116
1857
598
1230
2459
5748
2898
268
576
1000
1424
2029
1219
1149
535
3757
779
275
836
262
5271
1025
399
287
583
702
792
527
1225
3057
1212
613
806
251
3256
1047
2242
603
1021
486
679
340
25400
1642
1343
592
240
12243
1619
1278
35635
8560
363
75655
588
2358
350
93189
83004
15821
413
8036
44605
1897
1111
1934
249
321
608
1803
1379
102419
569
1333
812
2932
1009
2770
3398
140
750
5492
1314
1201
7342
1631
1689
1727
2422
2063
417
943
16160
2104
581
731
2468
2986
498
6002
1971
1278
31930
1765
119
1257
1803
590
23833
932
2134
953
388
1145
569
1403
338
9770
431
609
8358
1617
1424
663
378
823
706
4474
9754
108
431
4454
648
101
1851
173
947
2468
17352
2262
1970
995
3077
734
2356
1024
6469
963
1168
1058
13367
991
1412
375
38435
1250
578
2212
1551
12495
2763
1654
648
2101
3749
1088
2796
2254
4398
121
917
643
403
934
649
455
513
1755
937
862
344
2238
7135
1862
7875
23355
419
1749
283
395
715
1021
1651
464
364
779
37537
505
53567
159
304
224
304
686
11378
10737
7113
693
6733
644
771
4038
4709
9042
1633
1919
213
2059
1598
1284
2590
34050
1272
702
474
761
2677
3401
16224
25819
1183
829
726
12991
623
384
471
842
793
1937
7713
522
24238
28526
684
46320
312
47027
1759
116
320
6433
588
1936
540
1328
50163
1898
176
1560
1075
610
102
491
5319
672
8446
770
308
4158
171
216
434
285
476
178
1556
1715
4662
104
2457
250
276
1045
302
11523
717
110
26350
665
3998
2179
371
32883
14818
592
430
218
2094
4233
478
1923
625
3455
1419
694
512
1053
438
1305
1676
687
4126
552
695
360
1135
244
445
1358
2115
244
624
807
621
445
1098
301
396
2635
5158
1139
489
951
649
228
243
1141
602
2552
278
860
554
8086
913
973
37611
2743
52172
4485
571
1229
8884
857
317
15943
10883
537
454
920
464
2508
24778
432
946
432
3044
4738
19993
476
1612
11474
531
557
1015
579
1740
2132
861
15301
35725
649
3330
2304
1537
5236
1681
749
800
13962
2019
8152
408
3744
315
791
1629
586
206
232
3264
896
7824
3575
665
2093
7546
39232
2774
4221
1892
905
1537
495
1422
464
2246
350
828
2117
8914
816
638
804
1635
8924
2273
979
579
668
706
806
533
64930
5433
571
895
582
405
560
543
70
1737
833
656
2120
386
608
1504
703
143
27233
6289
1376
730
1036
810
1272
1385
481
1436
1646
14934
18733
921
1030
45255
3037
752
2367
1200
261
2227
32868
4501
1104
1205
251
534
562
2836
577
9946
460
1132
1267
2411
684
398
909
2045
686
1082
1363
1274
10528
35240
193
404
893
699
5251
4561
10665
3291
5869
2372
1168
483
363
88
3211
476
1168
934
707
1249
1155
7873
4049
211
113
60978
111
5341
6310
1628
365
308
1124
1322
227
1425
1089
1880
197
671
951
2281
11807
79414
4109
4492
975
280
804
15627
2199
1299
3460
1641
654
516
1183
538
18067
1637
6006
1818
415
3819
5670
1700
408
7430
3273
5712
5084
6978
6229
970
474
395
414
17183
796
31566
872
1646
516
62981
7729
639
1212
1167
41737
38221
76133
6885
1444
583
715
610
6522
823
877
719
1377
1245
513
1993
2829
1298
1163
1084
839
1228
19648
937
5751
841
2552
1219
968
1038
711
33845
1175
6439
960
4053
671
408
1027
413
1462
249
656
505
6062
5973
1172
2932
24039
2655
699
568
268
213
829
347
1789
18670
34997
897
218
1570
1268
3397
3787
1329
103825
11307
6462
1472
2036
787
331
10178
525
92738
3315
1483
2605
2906
380
408
4094
972
613
2546
2031
1021
318
2646
1918
950
88507
1183
13955
188
2091
583
1093
784
2372
496
7221
2371
4737
4964
451
1098
546
1153
7462
2662
918
353
3634
488
153315
911
1856
858
754
902
20711
568
6304
1929
1567
9158
822
10989
1534
2319
2549
2437
302
442
6770
648
4570
397
12026
4972
6595
4886
2351
2981
1973
1070
338
606
2305
15599
6905
504
265
993
4173
5118
1251
446
704
513
8427
3792
3091
573
864
546
2494
135
203
194
3288
5175
467
1859
303
544
14212
35704
295
1117
549
4945
11430
2697
351
59238
947
1769
989
2269
1382
766
542
409
1774
3947
6750
12252
101506
310
691
808
1401
17799
741
759
1172
5675
743
762
51228
605
1238
1642
21869
574
345
435
964
10591
2689
587
12210
1095
2110
755
12041
2211
541
1611
285
899
807
444
1579
905
1080
1378
1393
854
977
601
1938
2648
747
587
1227
766
18728
1363
3084
4310
5500
3216
3008
1613
354
587
10488
31143
1988
12090
11866
348
24668
781
2283
2946
4221
82639
4613
401
1948
2237
472
1291
20528
1051
927
485
15312
651
6355
7027
4251
424
11580
531
777
1604
1109
732
1812
1116
550
20593
743
224
798
366
1206
13393
2661
2508
849
1335
1373
680
19081
14880
1112
8613
887
1069
9739
16954
1796
2836
2593
623
2923
25283
48717
1264
471
973
361
2054
707
1258
7151
1011
490
35226
2014
2093
175988
290
5095
494
736
414
342
5892
1121
189
537
920
18087
142
3863
250
10949
1199
3445
924
733
760
626
181
904
3510
8224
2037
281
3927
372
122315
936
59206
271
623
3471
1067
341
2864
4136
545
1017
383
830
758
349
1985
838
424
1187
10861
847
335
1096
680
13725
1282
13863
323
15565
1496
1168
1188
29420
214313
302669
11574
1960
13972
1503
1936
10234
1508
16826
614
1062
583
870
3173
10651
4969
17003
817
2420
432
2599
916
7737
662
625
1638
1002
1329
6038
9806
193
562
554
635
1940
874
2862
947
1650
3151
3085
964
1718
2954
16623
6982
591
1023
484
341
771
1009
1003
1499
1223
408
7578
644
3867
748
308
793
2248
1416
305
7095
9155
1292
515
1667
2753
722
2437
517
797
1003
282
648
1392
20409
844
716
3267
684
1761
1332
571
9146
504
5461
1896
1299
473
1153
1290
1275
23338
1538
580
2998
1006
16774
3888
177
3232
2264
1301
7668
4526
1382
739
454
1041
2742
25600
261
715
2640
340
519
930
12854
1164
2568
1120
37595
2283
802
1408
54346
3950
2230
38604
737
3880
1901
15306
16200
52946
1449
279
17509
7209
6654
284
3880
1621
472
468
402
797
2919
3247
225
1857
1335
423
368
2023
2125
1200
1331
307
19126
2181
1780
161230
51797
1158
2384
513
329
28646
3260
1318
875
4754
286
19312
4286
16375
1311
1556
2219
6791
9859
68887
1457
54399
504
320
3499
5899
37421
2350
2165
2725
312
95650
2815
4822
2581
5971
1268
1411
1351
43955
3419
17152
235
1009
36812
660
8226
693
2284
2499
1229
162
13945
689
1746
402
671
633
758
176039
7905
22244
25624
27758
31845
14205
18518
87076
51150
17001
6136
131399
121153
12047
11825
37089
48754
16632
10284
41115
7603
15415
7839
120383
16775
2415
9807
11527
6259
3337
249401
13828
4706
5008
6946
28348
106583
26137
10381
9047
3350
21432
9027
26305
46000
21531
4645
17548
2923
10146
13161
14543
8471
44294
23401
12311
144993
6739
338
2175
14712
8845
67550
13570
9445
3904
13105
46383
9461
2977
1594
1747
12169
20150
5242
14231
62587
4092
58038
31045
18144
5612
4087
7077
48986
4483
22549
8483
14396
758373
6661
31712
8247
8143
4912
182384
109030
20099
22586
71282
3298
10005
2134
2459
6673
8229
3861
2847
14855
1746
6484
221671
33985
8555
9513
4889
6435
48415
3198
20220
17912
9243
5310
21719
8153
1791
23357
8958
20267
6459
27714
7013
6359
5106
5771
7858
7701
6371
6763
4663
13705
7611
6683
7416
6074
81702
223517
9979
13775
5744
11897
3701
100426
55988
4327
41976
3459
427268
2526
1222
18176
3097
13487
10590
67773
1807
7190
6475
2770
5492
4632
3741
45668
10800
4708
46104
3047
12832
20709
4476
4951
25626
19459
15453
6723
5689
18956
12007
80675
50645
38742
6832
17631
1794
695214
32155
1323
12976
50595
8687
3714
5250
19449
2728
6738
18823
2896
6369
5794
6421
6182
12169
31031
12832
9546
6798
3984
34442
1999
72703
4868
39648
7405
13046
5765
2412
179607
10876
12971
50931
7940
5350
8830
4915
8632
8399
39098
5835
9287
7090
10624
250113
1244
22165
8861
1295
12798
30594
6314
6174
11341
2425
20184
5988
5634
4364
5051
35723
11525
18244
12515
1738
10497
68431
14763
11645
29942
28414
39127
6359
10862
10352
3607
6213
57370
6213
152056
2066
4830
5998
6743
249539
9553
12316
7455
444221
257163
7318
18893
4588
13892
29639
18903
1917
2778
16128
80446
16752
120460
1368
2044
10446
11238
2815
26482
6000
2144
10219
6644
5743
2099
10250
5862
950717
39501
16406
20942
16020
4974
3576
6657
123137
18049
45847
238324
4891
5347
7855
2786
8312
1942
2603
14547
22389
4731
5660
5059
51987
408975
6867
12949
4606
4002
61787
3707
10582
1529
5970
5118
3355
23067
27431
10796
13575
3330
8951
16045
4117
11476
2801
3030
3664
7705
12027
10396
2805
4527
361841
14224
76428
32611
50707
11564
20271
3921
12567
8096
55381
29475
15963
13081
25122
2796
64088
16358
10106
41406
180200
0
94381
8822
2096
8905
20309
25050
24543
13407
26938
6199
6071
3235
6012
5325
28910
122468
46999
4388
7246
1816
19227
3156
5896
4269
5318
8957
23490
10545
132351
4743
60774
3918
14359
14185
6233
19585
6970
9524
21132
10044
5332
11049
35529
8474
14134
4544
24118
7295
25622
2003
2866
4821
11043
62967
64885
10203
2320
29072
6369
12729
12618
5405
7309
2565
87876
15414
7181
540253
17300
8973
4583
4534
4960
80631
11710
1914
6627
10619
17979
18823
3872
18206
114561
22182
16346
5188
48174
3564
46157
5747
2858
23776
10563
8104
2622
3154
5988
2543
4977
15421
132536
7344
11855
6077
25147
34451
3934
5356
6694
11844
3585
27891
25637
67229
13082
2460
3965
22107
24541
5514
24089
8887
6042
83350
2972
3131
82656
2499
14844
46536
2578
4928
7974
2833
6063
22070
101399
2697
6892
4694
17095
15447
6023
91471
5298
5566
36114
8146
52775
27764
3146
52411
14746
74457
32860
5030
10604
15419
11066
11024
3889
166490
9623
4301
58589
5316
14634
22157
89742
48942
6834
25020
7761
13001
81290
90027
17544
1916
46090
39084
34955
13568
33168
506566
73767
21076
24079
38785
223334
38720
17953
12480
158998
31234
73123
14677
62717
9485
634973
33718
30003
8591
12296
12789
13580
103084
7609
199173
168801
22047
77540
41250
28251
9452
15639
13555
42450
11632
13488
60257
17429
80884
12061
25286
41684
75908
13271
270868
17725
138592
7404
21163
153477
10237
15100
4577
25890
17088
11646
15479
21603
68107
16095
29267
101474
31501
14018
263864
26961
32044
18404
34084
85017
42842
12149
5192
506290
41845
36140
9528
91977
53199
25723
64080
53386
50885
153410
9250
10548
14499
4753
55042
24250
11513
24699
8163
35635
118364
41133
10731
184226
14747
25318
87606
120723
22111
78209
27608
28827
24107
188108
15440
19235
34998
81072
