464
305
912
952
239
517
496
1488
707
583
2601
374
2277
1342
496
1784
384
219
475
1995
111
531
185
2437
1069
2437
366
628
1579
1183
646
2601
1408
263
879
263
2277
1342
310
707
603
993
778
707
2994
1488
85
2773
1408
1342
1995
707
738
993
1669
1244
2125
2994
2773
2773
2277
2773
1069
2994
330
1030
2773
993
531
355
2773
670
2437
2601
1995
1669
2601
2277
670
1408
162
2994
1342
1669
1128
778
1784
912
2601
1488
707
1887
952
2277
1294
2125
1669
2773
993
150
912
1995
1408
2601
1579
2437
993
1887
807
1784
544
2773
1408
2437
2994
1342
2601
2601
2437
807
1128
1244
1579
1183
1069
1784
807
738
2994
707
1294
2601
2277
564
1069
952
2125
98
1887
2125
475
1784
1784
1887
2601
646
1244
2277
1995
1408
1183
2277
2994
1069
879
1294
2601
628
2994
1408
2994
993
1995
1488
1183
952
1342
807
2437
1069
2601
2994
2601
1669
603
2773
2277
2277
2437
1669
2437
1579
1784
384
42
2994
290
384
2437
1669
1784
227
1784
2125
1579
1669
1669
1128
2773
73
2601
2125
1784
2125
1408
1669
1669
2994
2437
1669
1887
2277
1069
2277
1488
952
1669
2125
2125
1294
1069
993
1887
2773
2437
2601
1342
1784
273
2437
418
879
952
1995
2125
1887
1488
1294
1887
2773
2277
2437
1294
2437
807
1408
2773
2601
2773
2125
2773
1995
2125
2994
2994
1669
1488
2994
2773
952
707
1069
1128
2994
2994
2773
2601
1183
1342
1579
2773
1342
646
1887
2994
1408
1887
1244
1784
544
2125
2277
1579
583
2773
707
2277
2277
273
310
1669
273
263
2994
2773
1669
1244
778
1030
1995
1887
1030
2601
1669
2125
2773
2125
2601
2601
1069
1887
2277
2437
170
845
1995
1887
2994
1579
879
1408
517
1579
1244
952
2437
1128
738
1244
2601
1244
2277
2125
1669
564
1294
2601
1579
912
2125
2773
1887
2994
2277
952
2125
2773
1669
2601
1030
2601
2773
1244
1183
912
2601
2773
912
2277
1887
1244
1488
2601
1488
879
738
1887
1408
2437
2994
2773
2773
1669
1887
2125
2125
1887
2277
1030
845
1669
2277
1069
952
2601
2994
2773
564
1342
263
1669
2601
2601
1887
1244
778
1669
1579
2601
1069
1069
1183
496
139
1887
531
670
2601
2994
2125
2277
2773
952
299
2437
2994
1183
564
993
1488
517
323
1995
2773
338
2994
1342
384
738
2125
1784
912
670
299
1069
1579
1669
418
40
2601
2125
1183
2277
517
1669
2773
2277
2125
2125
1408
807
290
1488
1995
2437
1342
2994
1128
1128
2437
2994
1128
2773
1244
2994
1887
2277
2773
1030
778
2601
1488
1408
1887
807
2601
2437
2994
418
2601
1128
1488
2773
338
2601
2601
2994
845
54
1069
1069
2437
1342
496
1183
1244
1030
952
1669
1183
912
2994
2277
2773
1887
993
347
2125
2601
807
2277
912
993
223
219
2994
2773
1784
2773
2773
603
2994
2125
1128
1887
475
2437
544
1669
807
564
185
879
1669
2994
1579
2601
2601
1244
1887
1669
2125
2437
1669
544
2994
2601
2437
1669
2437
993
564
2994
2994
2994
2601
1784
282
2277
583
778
2437
1408
1579
2773
2994
2994
2994
2994
544
1995
2437
1342
2773
1183
1995
2994
2994
1579
2277
2277
1669
1995
2994
1030
1669
738
2125
2773
2773
2994
2277
233
2601
100
1887
1995
879
2994
1244
2437
2125
1408
2277
411
1579
1579
73
1995
845
1488
1408
845
2601
912
1887
2277
1183
2994
2773
1408
1995
707
1784
1784
670
2277
807
1408
1669
2601
1579
2125
2601
603
2994
1342
1784
2125
2773
2437
2437
2773
1408
2125
1488
2125
1995
227
1294
338
1995
2773
646
355
1069
1183
1579
2601
646
1669
1784
2994
2773
2773
2601
1342
2994
2125
1784
1995
2125
2773
2994
1887
1995
1183
2994
1342
1408
1408
2437
2125
2773
2773
2773
1579
1579
845
1183
1408
2773
1995
1488
1128
2125
2277
707
2994
246
1579
1579
2277
1669
2773
1784
1887
1128
2125
1183
2773
418
1183
1669
2277
2994
2601
2437
1294
2437
1784
2277
2437
1030
952
879
1342
1784
2277
1784
2277
2277
2125
2994
670
2437
1069
2601
993
2601
1579
1995
1030
464
707
1183
2125
807
1128
564
1784
1995
2994
1995
2437
2994
2601
1995
1887
670
2601
258
1995
2125
1488
355
1887
2125
2437
993
1342
2994
2277
2773
1408
1408
738
2773
2277
1488
2773
2773
2125
1069
1342
1887
1669
2773
2994
2277
1488
912
1887
952
2601
2994
1995
1669
2277
1030
2437
952
2437
1784
1784
1069
1408
1579
2994
2125
1887
1669
1488
544
738
1183
845
670
1408
670
1669
1784
1069
738
1408
2773
2125
1995
1669
1244
1579
2277
807
1294
1408
670
167
845
2994
2773
2994
1579
2994
2773
366
912
2437
1887
2994
1669
2125
2994
2994
912
670
2994
2773
2994
2994
845
1488
2601
2277
1784
1342
2437
1030
1244
1488
1488
2125
1995
1128
1069
1069
2125
544
1995
1887
1669
1995
1669
1669
2125
2437
1408
1294
2601
2994
1887
418
2773
2994
2994
2994
1183
2277
670
1784
2277
2277
1579
1488
2994
1669
143
2773
1995
564
1342
2277
162
2994
670
170
2277
2773
1294
2994
2773
2994
1488
2994
603
1579
2601
2601
1069
544
1579
1669
1408
2437
114
2601
1887
1030
1579
2994
1887
1887
2125
1784
517
845
2773
2437
2277
1342
1669
1069
1887
778
1784
2277
1887
845
1784
738
1579
2125
2601
2994
1342
2437
438
952
1887
1244
374
2994
1887
845
1128
1995
2773
374
2773
2994
2994
1887
2773
2601
2994
1887
2773
1069
2773
2437
1342
564
1784
2125
1408
1784
2437
2277
2437
1669
2125
670
2773
1887
2773
1488
1069
2437
2773
2601
2437
1488
603
531
1408
879
2773
1342
2277
1030
2437
1342
122
1408
2277
1887
845
1669
1069
2277
2437
1069
2773
384
2994
1294
807
1488
628
1488
2773
2125
1995
2437
2125
2601
2601
1128
738
1128
2994
2773
1995
1030
1408
1244
1244
1069
2437
2994
1784
2277
2773
1342
1183
993
1244
1995
1342
2437
2125
496
2277
1128
1183
1183
1030
2125
1579
2437
670
2994
2601
2125
2601
2773
2277
84
2994
290
517
1408
1887
2125
2277
2437
2125
2994
2994
1995
1488
1669
1887
1244
1784
912
1183
2773
2601
646
1579
1995
2601
2773
496
1784
1342
1488
2994
2773
1995
1995
2601
2773
1579
2125
707
952
411
2773
398
432
1887
2125
2994
2601
1579
603
2437
475
2994
2125
2773
2773
879
310
1995
2994
2994
1128
2994
2773
2277
2277
1488
912
879
2994
2125
1887
1244
2601
2601
2437
323
603
475
1128
564
2773
2125
2773
1995
1183
1995
2773
738
952
1030
1579
993
2277
2994
1244
1579
1069
2125
1784
44
2125
1784
2277
952
1669
1784
2125
1784
355
1995
1669
879
2277
2773
2601
2773
2994
1669
2277
2994
475
1669
398
1887
374
2994
2994
2125
2994
2773
1995
2277
1579
451
347
993
2125
670
952
1784
1408
189
2277
707
2773
1887
2773
2773
807
1784
1183
1069
2994
2125
1995
2601
1408
1488
2773
778
2437
464
1784
1784
1669
1784
451
2277
1244
531
1244
1669
1294
912
2277
2125
1183
1244
2437
1784
2277
398
1488
1030
2773
438
2994
1579
2773
1784
738
2601
2773
2437
475
2773
2994
1669
2994
952
2773
103
1408
2773
2277
2125
2125
1579
845
2277
1408
1887
603
778
2277
807
2125
1784
778
1995
1995
2773
1342
2125
2277
845
2601
1342
418
1244
646
2994
347
2437
628
1995
1784
2437
583
912
1784
1030
1784
1887
2125
1488
2994
2994
323
1128
1488
1995
1408
1995
2601
2994
2125
118
1408
1488
1488
1030
496
1488
162
2773
2125
1294
496
1995
2994
2773
258
1244
2994
2277
1294
879
1579
2277
2437
778
2125
162
2994
1887
1669
1784
2277
1294
2277
778
603
1408
2994
778
2994
778
778
1995
2994
628
2437
2773
670
707
1784
879
2773
2125
1128
2601
2437
1995
2277
2994
2277
1408
2125
544
845
2437
2994
1995
1183
1069
2437
2125
1069
628
1669
398
2601
438
2125
282
418
2773
564
1669
2994
1342
2773
2994
1030
1995
646
1995
1488
1995
1887
1128
2773
1069
1408
2437
2773
2125
2125
952
1128
1887
1995
1183
2125
299
1579
214
1579
603
1579
1995
2994
952
305
451
2994
1579
1183
778
2277
1488
233
1408
2601
1784
531
2601
2601
1784
2125
1342
2437
670
1995
1128
1030
1887
2125
807
1887
1669
1488
1128
2437
646
2437
583
2437
2773
1995
2601
2601
2437
1887
912
2601
1069
290
1069
2994
2773
2773
1488
2437
1995
1128
1342
993
1995
1294
2773
1887
2773
1887
1887
2994
338
707
1995
475
2277
398
2437
2601
355
628
1408
628
1128
1128
544
1342
1995
2994
2125
2773
1488
993
2437
1183
1408
1887
1995
2601
2125
738
2601
1669
1784
583
2773
464
2437
1488
1784
1887
2601
845
738
2601
1995
912
2773
583
1669
1183
432
1669
1342
2601
1488
2994
952
2601
1342
1488
2994
1669
2437
1887
1579
2773
2773
398
310
646
1488
628
451
845
845
1579
993
1995
952
1069
2601
1183
2994
1995
2437
355
1995
2125
2773
227
879
2277
2601
879
1069
1669
282
2437
1784
2773
113
1294
2601
135
1784
1128
1995
1784
2994
1488
1069
2437
2994
1342
1488
2994
2994
670
2994
1069
1784
646
2994
879
517
2994
952
2994
1128
1784
2601
496
1183
2277
398
1294
879
2773
583
100
517
2994
2773
2125
2773
1183
411
475
2773
2994
778
2437
143
2773
1579
2773
2277
2601
2994
912
1488
1294
1408
1579
1128
1408
1183
2773
1294
1488
2773
2601
1579
1408
738
544
2773
2437
2773
2601
845
2994
2601
1579
398
2994
1669
1784
1488
2601
2277
2601
2601
1995
2125
2277
993
879
2601
1579
2773
1669
1784
310
2994
1183
2994
1069
1244
583
2994
1294
670
1128
2125
2773
646
1069
347
1995
1244
2994
2277
2601
1669
2773
912
2994
1995
2601
2994
2773
2277
1887
1995
2277
1244
628
2994
2601
952
2437
1294
2277
1183
807
845
1030
603
496
1669
2437
2994
2773
2125
2125
1579
2994
126
1294
2601
1887
2601
1995
2277
2437
1887
290
2773
1784
1784
2125
2773
564
1784
2601
2277
1408
628
2994
2601
1408
2994
1069
2277
2437
1128
2125
2601
1995
879
1183
603
807
2277
670
2773
879
2994
1784
2437
2437
738
952
2437
879
1488
2277
738
1342
2277
738
1294
2125
1995
2994
330
583
1579
1887
2125
2277
1579
438
2437
2994
2277
2437
1995
2437
2994
2601
347
1995
205
1030
1408
738
2437
2994
2437
496
1669
2437
2773
1995
1995
1488
1342
1669
1995
2773
2437
2601
778
1488
1784
738
1128
1069
355
2601
2277
2994
1784
2773
2437
464
583
1408
1995
1579
952
2437
330
1342
1887
2437
2437
778
2773
738
1294
1183
738
1579
2437
1887
1408
993
1579
496
952
1579
993
438
2601
290
1128
2277
2277
1488
355
912
1030
2773
2994
1488
2773
1244
2437
1669
1342
1579
1669
2125
451
2277
1342
879
496
583
628
1488
2601
707
1579
531
1408
1784
517
2437
2277
2125
912
2773
1784
646
603
2437
2994
1887
1887
738
2601
879
384
670
2125
2994
2277
2773
1995
2994
2277
993
2994
1995
952
1128
564
1488
2773
355
2994
227
263
2437
2277
1887
2773
2125
384
1294
2773
1183
1488
1183
2773
583
2773
1995
2994
1669
374
670
338
384
2437
1183
1128
2437
707
2437
2773
778
338
1408
2994
1488
2277
205
807
384
2125
475
2277
1887
451
807
2773
1408
432
845
531
1488
2994
2601
1669
496
1488
2277
2773
1408
1183
2994
2994
1669
2277
2773
2994
2773
1128
1128
1887
1887
1244
707
2994
1030
646
2437
517
1128
475
1784
707
2601
1488
807
2601
1669
2437
1995
2277
1995
2125
2601
1488
1294
1183
646
1128
2773
1408
912
1887
564
845
807
2437
2277
323
273
1294
778
182
2437
2994
2773
205
192
3215
1887
2601
2601
2773
1669
2277
1784
1579
1294
2773
1995
1995
2773
496
2994
1995
1408
2601
2994
475
1244
2601
205
2994
1669
1408
603
1995
2437
2125
1669
1244
1244
628
1244
738
531
517
1784
1995
1244
646
2437
807
1294
310
2277
2773
2994
2437
182
1887
845
2773
1294
1995
475
2601
1030
1784
1294
2125
1244
1784
2437
2125
1342
2773
1887
2437
2994
2994
1294
2277
2773
738
1887
1669
1784
912
1887
2773
807
2773
1294
2994
879
1128
2601
2277
2601
845
1887
411
2994
2277
2994
2437
263
1669
1342
603
2277
646
299
2994
1128
2437
1342
1995
1069
451
347
879
2277
1408
2994
2773
464
2125
1887
2994
2773
2437
2994
330
2601
1784
2773
738
2601
330
2773
2994
1995
2437
1294
2773
79
2277
2125
807
1669
1579
1342
323
1995
2601
464
195
1488
1244
2125
1579
1579
738
1784
2437
323
2437
2277
2125
1408
1342
1995
2437
879
411
2125
1579
2601
544
2773
2125
1784
912
2277
2277
1488
1342
2125
464
1579
2125
1408
1887
1408
2773
2773
912
2994
2601
707
2277
1183
2994
2437
2773
2437
1294
2125
2437
952
2601
2437
2601
1887
2994
1579
2773
646
1669
1488
143
2277
239
2437
1069
778
438
2437
1488
310
1995
1669
952
63
845
2601
2773
1128
2601
1294
583
2277
2277
398
1128
952
564
2125
2277
2277
2125
1488
1784
1342
2773
1488
1887
2773
1408
1244
2601
2437
603
2277
1669
544
177
150
1342
254
2601
2994
1784
1342
355
1488
1294
2773
707
2437
2277
1408
2277
2601
1579
564
95
1887
310
2994
2277
2125
2773
2601
233
2773
1488
1784
603
1887
1669
2994
2601
2277
1579
273
2125
1030
583
603
778
912
2601
2773
1128
1995
1579
438
2601
1995
1995
544
2601
2994
912
1128
1488
2773
1183
2601
544
1030
2994
1488
2773
1030
451
738
2125
2125
952
1669
2601
707
2125
1669
273
603
738
2125
150
1342
2773
2125
347
1183
67
738
1488
2601
1183
2277
1069
227
993
2994
2994
1408
2125
2277
2773
2773
2437
2601
1342
1784
2437
1669
646
1669
2125
323
1408
1342
2437
1669
531
2994
1128
952
879
738
1488
2437
879
1294
1995
2994
338
1244
148
2601
1995
1995
2125
2125
1488
2125
2773
2601
1294
912
1342
2773
2125
1995
475
374
1408
2601
2773
2773
2125
1995
1669
1784
2125
1579
912
2601
7
71
88
56
139
531
219
263
5
2125
738
2773
1030
95
411
646
189
34
2277
2773
98
43
1342
9
1030
2773
2125
12
205
120
167
1069
258
2601
330
103
2437
2277
1030
707
2773
2601
2
195
254
290
14
258
1183
1488
114
418
464
879
44
239
1342
993
2773
2601
544
103
1887
195
603
1995
670
707
418
993
8
251
384
2437
1069
1887
993
2601
126
1579
26
2601
85
15
91
95
398
1579
2994
2994
290
148
738
1887
93
290
48
185
0
175
2994
1887
879
1579
49
451
2277
205
544
2437
1887
61
374
1579
2437
103
141
451
1579
1408
2277
143
411
670
1342
13
2437
1488
1342
338
432
109
2994
1784
50
912
670
1995
583
628
1183
310
1488
135
628
200
2277
384
807
1128
670
1069
807
1784
189
1995
1995
1784
1069
2773
2437
1669
129
243
475
2994
135
2601
170
418
1669
952
1995
177
223
1069
1995
18
153
603
1995
2994
1669
1995
31
807
2601
1069
1784
2277
200
1669
1669
1669
438
1069
219
2601
1669
1342
1669
778
1784
158
952
2994
583
122
124
2437
299
1183
603
94
214
273
2437
807
134
496
993
778
1887
2601
544
1244
398
366
738
263
1128
109
87
88
223
103
2277
1579
16
366
366
177
1579
338
83
129
1030
2601
912
603
310
2437
1995
214
57
1488
2994
170
1784
398
1244
418
1488
170
1669
1784
1887
1579
1244
195
135
2994
2994
2601
158
27
1183
1669
1995
2125
628
153
305
282
1128
24
1488
496
2277
2994
374
707
1995
175
2437
1579
807
1408
517
531
2437
126
21
2437
807
432
1579
299
29
1995
1244
88
845
952
330
73
1488
243
2437
1342
1579
41
464
153
1784
1183
1669
133
583
118
807
1669
646
65
374
646
177
778
59
1995
2125
1887
912
31
205
2601
738
2277
38
2125
2125
2277
845
2773
544
564
305
418
670
2773
1995
707
646
124
47
1408
54
2601
1669
1030
27
2994
475
1408
1294
1342
233
475
1887
1995
158
1128
670
72
246
451
2437
243
92
1408
1183
73
418
1579
432
583
162
707
1183
845
273
670
1579
2437
36
1579
1030
182
438
2601
59
112
82
2125
2277
2437
418
879
438
2437
2773
233
2773
141
993
251
952
195
2994
475
200
1669
2125
603
2277
517
1069
227
778
2773
282
2277
1784
374
384
1294
845
475
62
496
73
67
496
185
100
1488
496
1669
1579
223
1669
845
628
2773
366
67
845
628
214
438
305
912
1342
1887
1784
2773
2277
912
544
2437
1294
670
670
2277
2125
1244
451
670
438
1995
1995
912
1294
738
1244
355
246
646
310
2277
1995
707
1784
1488
1069
1887
310
2277
366
2994
192
37
2773
475
1579
2125
845
993
214
384
254
845
1887
239
475
1488
2437
2437
670
129
952
1669
200
738
282
1128
707
114
464
531
58
2437
1669
2773
2125
1030
807
2601
282
2277
2601
1887
912
1342
1887
366
778
1030
1784
246
564
2125
200
10
33
129
46
2773
254
1069
103
2994
177
52
192
583
2601
1784
807
398
153
2437
993
1408
1183
205
993
161
22
707
993
738
2994
1183
993
1183
64
263
39
1488
451
19
2773
1784
1069
263
3
1579
114
496
1128
273
807
330
2994
6
1887
310
807
564
670
1030
282
65
20
50
347
993
251
81
738
4
23
205
143
1244
246
52
120
67
167
778
2277
993
25
1
2437
879
79
438
707
2773
912
807
2125
912
1669
11
2125
1488
2773
517
258
29
2125
1784
670
1294
1408
2773
1408
2994
993
807
2601
233
1294
34
17
1183
384
153
1995
78
670
