273
269
316
513
299
522
211
1088
1831
692
916
399
1469
1225
1318
925
578
306
63
1684
256
517
237
766
599
1274
693
1178
2132
1966
787
2272
1539
920
261
324
1274
1398
48
297
649
660
678
980
2673
1029
98
3001
2728
1455
1600
150
406
620
208
845
1714
2463
2272
2272
2070
1046
1714
1888
537
616
2398
1127
365
276
3016
1748
2945
2945
937
1943
2641
2196
1205
1168
760
2694
1929
1238
1419
1617
2673
697
2593
858
165
1869
1676
956
2132
2875
1351
3016
606
80
1435
2359
984
1119
1617
992
2673
1387
1957
819
561
1256
1477
2745
1279
1460
2306
3016
1896
1460
1096
1093
728
1771
661
2488
608
2628
3039
1382
1414
3001
1615
2035
774
621
1068
64
1888
108
643
645
2694
923
258
467
854
566
2099
2083
744
544
3158
1197
1818
2272
2337
663
2236
892
2904
2083
2835
2236
114
1831
1947
1063
2398
793
2488
2121
1391
2316
1287
1921
140
293
2853
2035
2203
831
1762
47
520
3138
581
392
1262
2978
2213
121
1728
1123
1589
575
1272
1604
2745
101
2184
411
1731
2359
2609
2236
2453
1283
2078
1435
2801
2673
1684
2083
1222
433
2658
1792
833
714
667
637
1823
3039
1442
1703
1333
1348
520
2582
67
377
1049
2418
2236
1608
1579
767
2190
3158
2418
2904
2113
3067
27
1477
3138
2658
2904
939
2728
2565
1863
2673
1383
118
1082
2190
2025
1446
987
2538
463
2801
2658
3067
2373
837
2609
2132
1792
2078
91
2904
1874
1869
2728
958
1643
1310
1338
2328
1051
665
2924
1182
977
1803
1117
801
1676
262
358
2835
3001
756
542
855
619
2284
154
531
1193
2297
2453
1652
2140
1855
1527
1971
1294
1617
2473
81
761
2014
1796
2673
1999
647
1065
472
2159
451
1060
439
1151
906
56
1720
1776
1244
1225
1748
260
2801
1742
1351
839
1460
2641
1980
1714
3067
124
2945
3138
2904
1983
2553
2853
3138
2835
2924
1999
1949
2694
1703
1628
2801
786
1175
2835
1534
171
1208
1197
1009
843
591
3117
1469
2014
1181
1669
2488
2043
2043
963
1577
704
3138
583
1453
2694
3138
3039
667
1949
407
1491
1482
1971
2673
2173
2246
2272
2628
2121
839
889
979
846
871
2418
1111
254
1621
2801
3067
2673
2835
1127
546
2694
3091
1197
795
386
1469
1531
359
2053
2316
2009
1595
726
388
537
1521
1734
2173
916
533
1292
1662
1037
932
120
2149
3173
367
1178
689
1100
2565
2761
243
1332
765
1482
1253
1691
1999
2609
1276
2359
2025
635
2159
3091
798
1659
830
2609
552
1762
2782
1662
1137
2609
2121
1308
2140
573
1497
2761
1888
86
2173
1858
2538
3117
286
1939
989
3117
189
1296
453
2728
696
1238
371
2203
1119
272
630
1999
575
439
2945
3091
3193
1575
113
198
3117
1391
1513
2246
2121
1262
351
412
3193
2628
2053
2347
2853
1575
2463
2782
2398
916
695
2694
3067
1137
1589
540
192
640
494
3001
457
2259
1489
1839
2875
569
1785
2190
1305
2347
3067
2538
1407
1881
2673
141
377
1267
2184
1211
2316
2337
43
1710
610
1086
1474
339
2801
2384
1992
2473
1595
1157
1655
2373
1035
1469
2140
1355
2384
1908
2246
1676
1936
735
1939
704
1676
1079
1185
734
2924
2694
1017
2641
2246
291
2945
26
2442
1164
1572
3138
1168
715
2641
2582
3039
69
1287
995
311
1992
213
2442
430
2009
3117
389
1383
1116
1267
3158
797
493
3173
627
1957
974
1442
2328
1146
2434
2761
2159
1018
2190
2924
703
2609
1699
880
2673
1521
1355
1863
2140
1803
2184
1132
274
1939
654
1999
177
1983
3091
1943
156
1151
1022
1460
1983
715
2398
1398
2641
1188
3039
2628
2553
2224
2904
2373
2121
1131
3016
2978
3001
1983
787
2801
336
2728
2316
2524
1534
2782
1446
1992
1823
497
947
263
1539
2384
2463
3158
2728
1318
1881
1439
3173
497
1503
1351
2473
2628
1240
1595
2453
907
1776
1591
1731
426
1489
2673
3039
2978
2609
1762
812
3091
682
1662
2473
1435
1762
403
1065
772
2875
2025
930
2398
1424
2904
474
2337
1211
3138
745
1949
1566
1335
966
233
380
1103
1391
1688
322
539
2398
942
3193
1643
2524
2316
2113
3173
2801
2203
3205
205
1096
3067
963
821
1355
1175
3193
2316
1309
3158
1823
2442
1044
1545
722
2904
2853
1929
2978
3117
855
747
1205
929
809
776
2761
2714
879
1398
1460
1168
2337
3138
2582
2316
1038
1233
2801
837
2284
3001
930
2043
2904
290
3193
1287
1818
1845
2538
2728
2565
2904
2945
2442
2149
382
1869
1949
1156
484
2628
2745
1367
1508
2059
880
1754
568
506
2094
756
422
637
203
2306
2565
2924
536
3158
3039
19
1090
2945
1550
2609
564
633
3117
2347
1315
1371
912
2801
2524
3067
229
789
3067
3039
2801
2384
2284
2224
2593
2297
1888
3091
2553
1831
2728
2059
2835
1914
3039
2801
2978
3016
2945
2801
2835
2853
656
1367
1419
3091
2035
1256
2284
1803
2904
2488
1896
2801
457
2782
2070
761
1262
1082
2875
1813
281
2835
823
944
2609
1519
181
2658
1041
997
2173
3193
1477
2053
2853
2297
1521
2593
951
2801
2694
2609
2213
1424
1267
599
62
2259
648
2508
2945
1019
2463
2272
270
3091
1608
2801
697
1013
3138
2658
404
2524
1203
1137
2236
346
1174
2978
79
783
1508
264
1839
2488
1776
2924
2658
1049
866
887
2473
1676
247
3091
1831
2853
1455
1519
2272
219
1282
2782
3091
2628
2853
3039
2337
2473
2628
1157
2106
2149
2306
910
1734
2025
889
1545
2083
3001
1720
3091
3091
347
2609
1823
3158
2945
1407
2337
3173
2021
1902
1513
1608
236
2213
972
1513
780
2347
2132
3091
1276
109
420
1554
450
1531
2384
2418
2875
1290
2488
1581
984
1534
2761
1635
1886
1621
2043
2593
1391
2078
2149
1040
3039
2328
1253
1185
252
1123
1545
1491
1055
1103
29
2398
1201
3067
3091
1718
795
1748
1900
1200
1908
2418
3039
1521
1318
2328
97
2488
841
1724
2745
231
1109
835
1318
257
2316
2473
2538
2835
1635
961
230
1649
85
1435
511
2316
3091
1754
2641
1534
2853
2565
2253
1096
1929
2524
558
2463
858
2745
2904
2434
2782
1027
1460
1403
2761
1057
2272
1608
1888
2113
2359
595
2316
1672
2593
1672
2801
1378
235
375
2761
342
1283
1267
1279
1500
2658
1374
748
1971
1581
2164
1966
2924
1566
1188
86
1112
2463
2761
1305
2538
3067
3016
2113
485
210
302
1999
1414
1389
1552
1810
2714
590
810
1572
639
1346
697
2853
3173
2565
2418
1672
1604
2673
1796
500
774
1785
810
3173
2978
1684
2196
1078
1348
1554
12
2059
2328
339
505
2213
1430
2173
1881
242
1782
2488
1292
1371
2463
2761
1161
2978
1225
2553
1782
1215
1407
1776
2149
951
3212
1643
1947
3193
2059
1888
2835
1403
727
376
390
2853
1335
268
1283
1724
22
1552
755
2728
607
2853
1230
1343
1383
622
1001
2297
1874
2745
804
763
185
2924
1453
3117
1250
2121
993
1003
2078
641
2164
605
40
1346
594
1419
720
3067
902
2945
1038
1497
2236
2978
488
1943
397
2628
1068
3016
2641
2524
2538
249
3193
2306
1335
1324
2508
3173
634
2945
2398
2418
20
526
1217
1075
2190
1338
2761
218
2140
1205
1563
1863
847
2347
1146
1624
1684
2728
1714
372
2835
1799
2272
1652
216
2284
875
899
1318
2875
2835
139
1742
1230
2853
1424
1776
1939
320
2059
424
625
3091
2203
2213
821
2924
425
1914
1539
2359
2121
2253
2524
2113
2453
84
3212
2224
2253
2043
453
1863
618
2945
1839
2538
571
1782
2132
2021
364
1803
1902
2875
2184
1845
1971
925
1754
1075
1348
267
3138
2306
2524
1818
1539
1446
2316
470
527
1888
2801
1902
3016
1374
641
2694
1135
1863
2945
3205
1662
1327
1129
1318
2801
2875
1703
109
1771
925
2398
3173
21
1439
954
1754
54
798
1762
885
1999
1367
2113
1863
1628
1065
3091
700
2658
305
2224
343
2658
1430
674
2384
3016
2473
2945
2875
1921
669
677
1343
2043
437
805
924
2853
252
1608
2728
3117
2673
2875
1527
912
1799
1999
1314
2835
1387
1971
468
1929
1299
2801
314
2164
285
162
630
2853
3193
644
1272
3067
1310
131
2070
1792
2978
897
2641
2173
2945
3039
1839
2658
1079
1561
323
1446
2978
2875
871
2398
1823
3117
1748
2070
636
3173
549
2159
2253
2609
2035
1324
2434
2582
728
2132
1305
1029
75
2035
3117
2609
1241
2132
976
2025
784
941
1361
1247
3039
1159
2316
1222
1754
3091
702
679
1361
1213
1027
158
1229
2508
24
356
1785
1331
2306
1500
1009
2347
892
2945
2083
2083
1728
194
1099
1823
61
2132
3016
2213
1545
529
2565
972
2236
812
3016
652
2014
2945
1338
883
2463
885
496
2853
812
1858
2106
478
1090
1754
501
1771
1936
3091
2059
1851
614
1146
2337
1113
2398
2488
3016
2508
1474
2473
2782
1585
427
234
2745
2565
418
1724
1315
1188
711
1896
530
820
2159
415
1886
2253
2259
52
1818
1290
2782
125
1748
2524
1957
1624
191
2035
394
2297
1361
3067
331
1068
3205
149
2538
1151
1491
1813
3173
2190
1142
2582
2728
1374
31
2473
2236
1298
2524
3001
1554
1397
2224
1643
1507
3173
998
3091
335
739
2593
1460
1430
2553
50
1125
770
3158
70
666
201
2904
2284
2553
1669
3117
899
512
3138
2565
355
1921
382
2337
1396
2593
2337
1521
1338
1762
750
2442
1253
1983
1283
2246
1327
2945
936
572
2904
2434
1563
1692
345
566
1676
1182
2745
2609
627
2728
2121
2106
749
2761
1219
769
1430
2875
2714
2121
1379
2203
2306
2924
683
1102
2384
1810
1734
1539
2059
354
2164
969
2442
477
2641
3173
2272
1414
1006
2099
2203
1851
349
509
535
2014
1086
2904
2582
2782
2121
1414
768
2924
2673
3173
2978
2801
2070
842
1635
2453
1692
1407
3039
777
2106
3138
1161
3117
2434
2924
402
1351
317
196
1796
932
1692
3138
1247
2801
1655
1720
570
1460
2782
2284
2398
2488
2538
3039
1699
460
1315
2782
2488
1477
2094
994
3173
1813
2508
2014
904
2673
2553
889
2945
82
1813
463
238
1577
2875
980
312
1662
11
280
1424
1324
2259
1142
2213
2259
2745
3205
2473
2196
2853
662
1459
2658
473
2442
2565
984
1999
2398
1581
3212
457
452
892
2106
2224
2113
1215
298
2434
3193
2272
2488
2149
2196
1379
2875
645
3067
222
1081
1608
958
1338
2099
3138
338
2106
1442
1914
1703
3091
1025
72
1090
2978
1908
1545
650
909
592
2297
1146
1554
1600
437
1742
2553
3212
1624
2782
2904
932
190
1957
2658
588
803
1929
442
1957
1999
2418
2761
833
2714
487
780
1534
1060
1957
1908
1742
1692
2224
1073
309
876
2043
1407
1225
2488
848
170
1201
2418
2945
1164
1785
1971
2745
2782
864
3016
104
2164
1151
2904
2053
1446
2978
151
3091
2373
551
1566
739
955
1299
2224
1310
2609
2384
2442
2875
961
2434
709
2714
1902
3039
1442
1115
1455
1734
2393
1022
3039
852
2359
1234
557
741
1159
3158
1234
2593
2224
3016
3117
2924
2835
2453
800
1563
2398
1720
2853
827
2203
145
977
592
1398
1391
2025
2945
220
680
2582
2398
2714
1561
2728
898
1966
685
3039
1792
1818
315
306
552
174
2059
1142
2801
1068
1785
3039
1041
829
2538
2801
2009
2140
379
1482
848
1500
396
1234
1710
1117
951
3158
2853
330
1024
433
1762
2853
1874
2224
417
1012
2853
2306
463
2628
2149
2347
831
167
3173
2253
2924
1604
1799
2113
2582
805
598
2488
887
676
2714
550
1591
789
2593
861
2284
2043
2070
1858
1299
2782
2658
1813
2099
3067
2035
1513
1020
944
226
393
3117
1057
1262
462
2094
409
575
2538
3158
455
563
1051
1649
444
2714
1002
2745
1129
548
2582
2043
2373
1921
1430
1855
3001
1771
1688
2184
2761
3067
2524
2297
687
3158
1983
1992
1874
2945
517
1033
1628
2373
3158
1151
815
750
1957
401
1107
1213
2875
2761
2070
2801
2173
2284
2337
949
1921
1294
183
1503
737
1734
423
1367
2801
2538
2078
1914
1191
2099
2565
611
1742
202
1874
148
161
1025
2945
2173
327
2945
998
1581
2875
1172
2538
3173
2488
1845
2761
2473
823
2745
754
169
789
2628
2284
1251
2508
2463
1635
1043
1191
969
1572
3001
835
2761
987
2306
2442
1845
1839
289
2473
456
908
2203
295
99
2384
350
1600
418
1276
1585
2149
1407
1692
1635
1460
1222
2453
265
1513
587
2582
2801
1742
2745
1407
2418
866
3067
1234
1643
527
2658
2021
2694
2801
1971
2978
35
1343
2025
2035
2875
1439
2463
96
771
2875
370
155
2978
2213
2924
2875
2565
1107
2714
2945
102
1971
1208
2593
478
507
3039
2745
1251
1051
2641
391
2434
1073
772
1299
1455
1699
743
3173
2083
1419
2398
1762
1771
707
1966
3016
1929
2224
2875
624
2673
2297
1361
3039
2628
2025
2945
2609
1093
910
2553
2553
2009
2398
2593
1810
1085
2059
1175
2328
1003
3016
1164
1672
3039
1057
3173
1512
1508
74
2359
1628
293
2025
3193
271
45
1628
2213
1874
1482
1703
1195
963
1754
387
157
686
902
1803
2875
2418
1113
1957
2978
2728
1217
1649
38
2347
2582
1949
2508
2373
3138
404
2164
2801
589
543
227
597
55
1168
2875
1728
3016
329
2184
1983
2694
2875
2593
2224
1659
1521
2246
2945
980
94
2904
308
2593
2359
1921
2641
1921
611
2213
2053
2875
850
1161
515
1371
2508
2801
1020
245
1624
728
1327
1734
2083
2083
721
2359
1361
1446
1333
400
2508
1799
1754
855
2593
2904
365
1355
1566
2094
868
2473
441
1585
3039
1075
2714
325
132
1262
1527
2553
160
2875
2070
1051
2246
1591
580
1652
793
2745
360
1491
2173
1219
499
998
8
373
1503
2694
2694
653
1093
533
223
3138
3117
2284
2609
2014
3091
3138
1361
3138
2359
1703
1403
2835
1929
2173
3067
301
1855
409
2553
2673
932
3016
2978
1241
2083
1103
147
1851
146
1724
2524
2203
215
2373
514
2904
248
3117
2761
2641
292
1403
2782
892
1389
2782
1194
2924
3138
2609
333
25
296
2673
3001
3091
2728
2418
2359
2398
1446
2328
2714
3067
193
573
153
100
384
428
517
284
34
1604
509
2609
515
1060
482
127
115
221
2761
2945
142
60
880
30
461
2978
3117
57
508
83
159
166
225
2801
1006
134
1902
2488
1279
1044
1731
1908
119
585
341
547
718
369
904
1101
655
689
1035
1246
16
321
764
1125
925
1992
2149
93
1659
1137
429
1374
255
1851
745
2059
184
1676
204
2761
1966
2418
1595
2508
122
1299
37
1595
103
42
556
240
310
2488
1869
3067
532
239
844
2694
1554
130
197
246
2
337
1992
2745
287
2978
374
524
2978
1699
712
2945
3001
213
603
217
2473
15
107
694
1230
1310
2359
357
916
1585
2043
187
2565
2328
1983
1241
2053
66
2694
1503
912
664
304
1469
1936
709
724
1703
873
277
1914
228
1195
782
852
877
2014
1121
2164
1068
443
2641
2714
2196
1655
2875
2565
596
176
615
385
1513
200
2673
172
2259
3001
1550
3067
318
737
1823
2359
188
611
448
2140
3091
1137
2347
89
2025
2328
2099
1980
2565
135
2924
2782
2641
1600
2453
278
3117
779
523
1635
1554
2203
326
1831
2801
1256
88
319
2442
815
1402
363
565
283
483
2418
106
112
817
250
2173
2673
2835
823
1121
789
719
937
735
1628
756
675
105
361
128
2106
947
44
491
133
604
1419
3039
59
708
352
2924
2196
502
480
2641
481
211
33
969
1084
808
3205
463
2009
279
2694
1029
1508
1046
2694
2164
1692
223
1008
3016
2488
2945
73
5
552
1692
3205
2347
1776
95
313
353
541
137
1015
1172
1785
2393
503
861
2488
579
2508
395
1203
2306
1256
622
2259
712
6
2924
599
1103
2442
144
36
1527
823
251
207
801
671
136
368
303
861
1949
1762
163
1579
485
967
1874
949
28
1477
691
706
1591
420
240
870
1566
602
1734
331
1748
2761
2094
1247
180
1831
2945
2593
1608
46
2083
1943
447
163
627
560
1831
581
111
1845
2801
1734
1003
1029
1184
53
2628
344
2641
3067
1267
1
3205
980
2236
2508
1146
651
630
2508
2149
23
3193
1531
334
126
469
2373
715
1617
672
995
435
732
2347
750
850
67
688
860
958
873
731
1142
2978
10
2924
1888
168
805
3016
92
899
1896
2978
2835
2164
77
1208
939
2259
3039
974
2761
3
1482
75
1914
266
3158
1539
868
1379
1635
446
2694
179
2524
1628
920
2418
489
2259
2488
552
561
1133
1718
300
152
1135
39
49
435
381
503
2196
956
2782
777
584
2801
1088
2213
3158
1497
18
1921
1869
209
1359
1185
244
1491
1803
1662
3001
2508
944
1359
1710
1615
78
1908
3016
3091
2453
492
559
878
3001
2875
1971
2140
1164
2398
1178
471
617
474
2835
3173
2714
2099
2418
123
2538
756
1881
659
2593
173
785
2393
259
883
1710
476
989
827
1133
626
1823
1845
991
524
2924
2658
2284
90
753
3117
2453
116
274
1256
1566
1013
658
586
1662
195
2140
1785
3117
2272
1482
1048
2398
32
1669
2524
1256
673
2694
2393
1033
287
1219
1914
912
445
1109
449
4
13
129
17
3016
348
1414
544
2565
175
362
700
2259
2284
2373
1831
1980
1482
2714
1621
1424
1858
656
920
742
416
2853
1296
1015
2297
1992
818
2508
432
1063
7
1554
1839
0
2373
2393
1949
137
71
2673
41
413
1983
967
1902
609
3016
117
3039
328
1330
943
722
1658
1299
398
683
732
413
2259
430
681
1424
51
232
1957
143
1244
1688
892
495
199
669
2875
2728
2021
14
9
3067
2259
186
2945
2059
2236
1858
2641
1881
2259
1635
65
1643
2565
1803
1474
1383
182
2347
2694
282
2782
1491
2508
1676
1900
864
724
3039
206
1949
58
408
2121
1009
489
2359
178
1055
