219981,
6486,788,9261,6329,2576,283939,
145649,
132960,
2210,867,489,41376,5835,148,19495,1251,228946,
20838,130047,
190560,
19791,43495,
42345,
312,64289,
114700,
74135,
37165,
927,90413,
1014,35146,
162736,
155418,
129090,
674,1371,114253,
14979,31649,41909,
170029,
134701,
264316,
962316,
381,312779,
57396,721,
37007,1749,211,660,19098,189124,
19548,
118580,
113879,
57178,
25794,3146,4697960,22811,4387,
24927,
1926,25316,3976,175080,
10162,63973,2885,296150,426001,27641,13283,16343,54010,
67572,
13936,
36290,
174622,
104334,1887,
215083,
19467,
27610,1968,476628,62208,24052,20459,2862,31352,2820,
16434,56660,36954,48403,
5447,2330,99101,383,
59434,
176406,
33274,116759,
1752,143973,
15223,
1074,200007,
2769,188524,1333,
200380,
26740,
1291,40029,285482,7056,
130198,
15797,
15676,67695,
3193,789,2857,861,232543,
5465,52395,31405,653152,4657,7945265,7202,55416,9377,
237817,
538,220043,
2396,21247,1255,4946,2726,
8831,129406,35555,269898,
686,596,378,36037,
15133,14980,20643,1248,212570,1795,
127,85577,94867,
20564,
411459,
4406,2786,
6741,9834,476,135647,
235552,1175,175969,
576,31327,
712,40502,
60664,
284,297391,
7129,788,83096,
21172,69,132172,
156178,
21723,
531838,
86263,2038,
192873,
146862,
2125,1229,164609,2634,1387,1150,3782,
398,33446,
858,97690,
55520,
30878,354,981,90338,
92185,260932,14680,
31,32315,
306,82767,
58031,
3338,155560,577,3865,
21064,
90894,
2456,125057,
45116,13257,
33745,40639,20640,
72882,280598,
103545,
128931,53831,1610,
24315,88445,
11573,1976,123720,
20201,
49035,939,28539,
11718,15324,2960,528,17331,13502,14092,
65441,
107969,
7604,
1855,1347,5395,875,2286,
143,13189,
7352,1283,6146,152674,1251,476,1149803,
33659,
176077,
4077,718692,1075,322892,
360,1411,22169,
58,148809,
59577,20105,
8756,885,105763,
545,641,2325,44461,
223,291689,
41031,
4642,52403,
5412,126153,99732,7208,29119,
51023,
35216,32,20935,38,86001,
1179,215796,
98,53351,
197525,8764,21114,7686,
90197,
31208,8453,410,93588,13979,1251,156467,
77414,44698,6690,6924694,672,18975,6086,5253,18201,753,21878,6484749,1127,92544,871,

39252,
405571,
999,40409,
211777,2256,
43496,
15487,8194,2922,639,1416162,40041,12196,
378761,
1811,245765,
1844,224395,
16709,11076,59877,
9787,585,
13650,2494,178208,3720,8056,1617,1857,3305,
25166,
14238,251,
50128,37,
34501,
2924,100849,
108889,
233185,5597,2391,7847,3573,
28436,
78006,
781,82950,
405263,356,6599708,226530,
165321,
16316,53297,
62418,
8145,129198,
106042,
711,48075,
7377,1155,
11681,1243327,
4572,56393,77338,
545,641,7024,55147,
4101,893,458,463,49508,
788937,15945,
87628,
4140,13411,5910,98,316,17094,16931,
575627,7305,1734,53372,177,52700,51,88817,
214623,
16862,349,54587,85781,102869,
44397,143476,
9067,
111772,
34469,101216,
52127,1985,798,102618,
34041,
21317,883180,36633,1668,
109555,
30757,
834956,2604,
24,303,76,26,118,81,70,47,71,437,59,58,98,51,75,25,336,45,39,37,23,56,23,135,21,22,83,28,21,88,412,84,24,85,47,20,74,20,92,21,307,58,70,144,68,540,26,114,54,78,131,23,1264,100,239,20,20,96,44,349,44,105,8638,22,219,27,33,10587,85,111,68,20,74,72,72,19,1103,54,52,19,18,104,67,37,19,88,79,64,40,99,54,276,20,558,1940,391,109,47,363,20,30,407,39,335,43,49,119,40,86,85,59,31,21,228,21,28,104,137,164,22,

235313,7350,130939,
108119,13626,
3444,43607,752,27071,
13103,7277,
13158,
48387,41945,375,
203864,
36543,
12741,1056,13529,54163,1251,475,257837,3574,
85866,
118616,6156,71317,
894,1913,155514,
507,36838,
2285,873,2612,202934,13782,
140557,
53367,603753,2353,7859311,25772,9833,102871,9453,678420,
549031,4998,1651,6527,436,6248,
124759,
25208,3082,
99040,
1870,12537,
284498,613,
243104,
62653,
57035,
37471,
17942,
247944,
20912,743368,787434,7371,241,
396131,
1407457,321,229095,14047,14132,
15232,2688,134477,
195929,2329,625,
280933,62421,
48794,
11421,4846,3589,673402,380,25076,
42106,11370,
294183,4156,2112577,1716,
231,212,74697,126,
699,3667,1383,220488,
2083,162052,
62507,
127002,
56444,
18667,236182,145374,
115322,
26520,
37901,3395,802,1214,
3199,2970,2944,
26977,84409,18850,
170781,
38173,66593,13976,37252,9417,3177,
9546,600789,15143,530,
116713,
220012,
31501,
2578,88565,
2305,88938,
914340,240848,
80527,
14620,67746,
7761,64275,708,
61352,12329,190311,593131,
181,53514,11608,
50388,
452210,57663,7151,7410,20318,
69,163,659,7136,634456,
1719976,3805,52,
2238,430661,
16660,
20120,
17017,18111,
10723,22529,65296,
977,2929,111934,85661,
54,94278,
4237,864,564830,24494,21854,
75613,
58280,
392,519,292,372977,
1482,17600,
123171,
22947,
28567,824,162970,1336,
3621,94578,
3323,2223,84551,106,
56748,
386920,
57432,271010,
6403,24008,
170,127076,
47441,
1083,16636,95686,
2308,3498,93455,22020,
292985,3640,201,
256679,19945,518775,
249688,36183,962,5854,
28291,
633,535,454692,
30588,70,
17381,207504,
177,20694,
141,933,579,51207,
3293,52298,
2152,1160,143495,
1292806,40155,24836,
5648,96369,
174805,
1373,5580,1207,54187,1087,44,37739,149,194971,15886,2250,52662,70642,
419,195470,4877,72644,169,19871,916412,17911,3641,
35728,
108161,
109266,
113575,
35854,
276841,10031,
2896,71840,
80609,50350,
201,579848,
161,89409,115784,100,
169249,46,
478,90678,
65976,7740,289,111049,54920,86566,160,3339,11724,10087,11354,
1041410,4626,8828,
61241,
186395,5335976,43642,8510,63442,589,20104,14750,73027,4366,21051357,114544,8286,243397,33107,153321,205751,
1994199,11542,8806,2378,6910,7358,2286,1173,10737,
21368,288126,15343,2817,
863,272978,
941,80965,
53162,22118,81458,370,
35698,
17556,353,130215,3867,633,10575,
76234,
16222,1707,872,16140,11935,2178,48294,5078,
37954,
201,34456,
79930,
14095,
81430,10680,
59954,
1114,114427,
714,1746,170881,
12694,89657,
57,102328,
708,58821,
23640,29,231491,117365,5093,89003,
204991,
55726,220820,3004567,1711,50363,6744,119628,6933,3459,78956,40318,143356,89080,22736,
49713,
460,31257,315,
85612,
820940,35154,23696,21736,145605,
602,504990,
645967,20020,
2607,18989,673143,
19692,4468,53837,
10167,32517,
29838,
165375,33812,
2253,51630,
39245,
58353,
2469,112937,32957,69244,26106,22181,20219,
5231,70644,
1255,47476,
12179,57918,
1710,75204,
344619,
36233,86706,42795,37933,
937,50921,4965,25059,
546,92391,
153034,
4090,68860,3960,520,17405,167408,
564,38672,
17015,
2285,58044,
1557,84718,
302538,

92124,
826,40739,
205923,1593,568,
56752,34355,891,394834,539226,2798,
550054,1417,515522,1778,
57319,
25294,3391,222312,8930304,42766,3090,16310233,4226,
406,112913,
12337,
2180,202,21280,26303,19003,3488,14169,
1284,1259,5900,2924282,5001,655812,
33093,
46453,15650,215553,
45713,
91028,
64537,
28697,204590,
5596,2135,6026,124206,
101860,
92655,376,
49603,13022,87265,
3119,49355,148374,477,86391,
2096,65003,356635,
258630,
197251,
63282,176,
182301,255895,
2381,105944,
983,1789,75111,37557,11100,
3178,123765,81714,46576,
6830,32275,18,36884,24380,
39536,1391,
2839,88953,
85,19185,19082,
43969,
542,59082,
1246,75138,
377,3540,38277,
447,87705,2333,
39221,93054,5999,6946,10326,5988,
52379,
447022,28183,925,8258,1141,
21347,
3631,84859,
83406,187,2542,24388,
1000,49251,26401,
212683,
61142,
3974,2836,117858,14032,
9904,2944,871185,6148,
11354,15714,
100923,
37,123336,
2596,255817,16570,
18861,
3989,24047,
141315,
111144,
101178,
374,51,21131,
6036,3642,46522,
204259,
10,323,235,66417,
59722,
430,198,126,48350,
1589,3812,1628,4917,
7539,186666,
31923,
79,144069,
96,10102,
163417,43571,2239,
113669,56059,2712,3519928,201515,18456,1384,2940,80391,32509,279332,
270,203228,
2276,25082,4416,101884,
1027,123574,
40079,
7318793,117140,
1049,899,58650,40,1159,36,90728,
68446,
12356,4777,18970,
563924,
36052,82495,1125,53878,
9813,4300,378442,22257,5394,10143,158681,2103,25636,2996,12716499,95646,
75941,66,
92411,
3432,59969,
362241,
49680,
95469,
52666,
20685,
73607,2395,254964,198021,
4338,52946,
115188,
18217,
4297,68769,11720,12361,
1367442,5183,157,202997,814,82009,
2699,1218549,56430,
2733,137666,6870,
11727,9000,47358,
279,74351,
3091,143169,
109650,
1201,72161,
56550,3643,289817,65941,149666,
933,77281,
319,654,19588,
19267,
1746,37754,
109515,
820,9695,250647,
8667,
3373,304430,31830,
9433,1190,1092,668,128304,
2016,24266,5767,137009,
42273,
2358,67703,
59278,
70531,
1212,243465,
186507,672084,
6233,27849,232,
11231,28338,
10038,65205,6763,
21550,58916,
42827,189353,21306,
67939,
2012,48888,
9531,
559,240071,
54377,
8948,8198,2191,425261,22871,15722,
72292,
44353,
51038,
73597,314856,3496,1231,
11,352327,
24851,106569,1238,11845,6642,714970,15775,7919,3169033,22678,
109862,
165,128,132,53516,
44390,
100339,
63185,
15890,89052,63282,
112401,20949,3097,
74594,152091,
15042,340932,
8116,6902,100791,
21,156439,
73,166868,
574,6545,
2035,40698,
20778,
103256,
23939,
74460,12917,5373,
10671,154902,
380696,
24245,2045,14880,198386,
64253,964,514,8346,
941,1562,202484,
145545,

13184,35054,
44,6736,7459,461864,
9591,29530,235601,42,
740,198613,
349,240319,32192,
1122,1420,195862,
84,26,562,1689,79764,
61835,
9371,484500,
762,14899,25924,2198,
59880,78,6701,11106,1149,
3487,303907,265,308315,
66766,
76861,
36185,
46,389190,
22049,5811,
75558,
316819,
334,118660,21335,
1236,337155,
24686,2360,74,54603,64109,177766,
47889,
102,545,27348,
998,38461,
2311,472997,
22609,420824,353,266479,1353,25075,993,
186009,843,
14849,8842,
86367,
1286,161283,
2855,88701,
21166,2120,1633,379504,226706,45317,
9217,
4492,111886,138,
76844,
758,159104,
45057,
196126,
59483,
1949,21016,
45482,

1797,120148,
4546,999764,1842,12043,21966,75487,2121,
10368,1818,21489,5835,
72275,
112248,8609,740111,8096,8720,
71,176717,
103157,5517,624,10042,339,
25010,
15011,132081,26016,169094,
10156,34,37831,
42545,
13945,
146588,
42457,
885,283,1530,61,203288,
73462,
8106,94188,27405,
63427,
113294,718,
3211,67432,
89567,
900,377674,
20511,
3369,147550,4751,
31853,
11474,10493,32623,16729,21747,3125,1824,5703,
22556,186109,
55384,41858,43,2318,79029,504297,954,489,538,
425,174765,
5888,3841,129179,384498,536,
778675,678,6566,10462,856,
3625,32442,
412,5759,4585,14275,
18500,47027,28154,
50,26818,
67353,
166238,4494,
1807,388600,12758,
170356,
20825,6726,
139470,
3895,79534,
56312,
861785,16043,
1358,27967,460597,
110629,
270849,
74682,
57702,
7208,83648,
5543,504,
169181,
21196,
17856,
2303483,9426,134890,47675,1948,162933,12347,1999,22970,71783,2406,8727,
72141,
2922,3977,76712,
52990,1190,
400,4980,1753,
2831,58165,18109,12963,991,238150,29446,
27154,35296,16287,
525,283666,
59884,
82794,187910,
1800,498,2118,23135,280400,
39334,
75369,
63447,2243,72176,4762,688,6880,
64702,22989,21084,
327898,14705,12410,16613,
186,2880,289477,
58024,666,584808,345129,27331,18233,110515,
29790,185407,16379,1036,132545,7110,378757,43771,151119,173173,
4150,
1105851,4328,12736,
1158,147999,98407,
1223736,454,13754,115,82176,542682,731,
32187,
219721,
2603,14109,664763,18037,2672,
1172,14318,3464375,
2851,73379,
443,215716,
1130,447244,3539,
119962,80195,
26094,
51713,
12,6290,968067,
29879,29598,27695,26911,
5786,1380,495,6299,321341,749225,28334,
211,89341,65297,
10832,1564,139221,
9307,2547,201823,63309,
29749,
1868,7093,15306,
13919,
8613,595333,9643,1692,
10954,34223,41,
247137,4506,
178721,4116,190,
137887,
29069,19419,
2068,1461,118,38299,
151,16645,
2095,40707,
273479,
6795,38590,1869,2457,22804,
193945,132,
176,37918,
10387,6275,9841,738406,
4671,85,49727,327,
22466,1871,
29836,5605,177064,566903,99985,14856,36515,10632,40872,202815,12227,12188,180,12337,147364,
1084389,
61420,
669804,
19081,
1794,34916,

8504,1666,613566,6196,47343,3145,
209546,2564,1715,6475,
38485,12754,263709,454377,5246,124,
4365,23628,146787,
9097,8416,382496,35790,
259935,
226081,
403237,
2805,8079,928,132,49,
124547,
678,25645,1727,
159858,
34024,5795,2297,15983,3592439,3666636,
4479,34694,
182,1698,30653,
25485,
7244,211,3001,212569,10383,
9498,6904,213,1835,216,31800,9233,2192,1382,56,4604,
453,13523,7347,747232,3586929,344711,84531,9245,2480,438,
344625,
23835,133,2231,26,355533,15692,
33622,
77416,4601,202877,1059,1091,7702,
10114,631,138216,
2106,391,1171,158909,
8595,122,74053,
21208,2058,1044466,58204,1301,9915,
22338,19404,
508,176769,
38116,231,78881,50856,
157212,
1117284,70915,92031,2998,
43676,54912,15262,30712,978,
191142,
117559,
426,40483,
13191,1834,12664,3012,27,414554,
19431,
3215,321,6422,12922,107018,
8078,255,63636,3656,136,59215,
59796,831,65728,
11049,79917,
366,24360,
17226,119,120820,
97,149902,79263,
143410,
149,147,45594,
59389,194225,
6952,155556,
12757,2256,34407,81245,
1136,507,15389,
13988,3147,923,991239,200545,
23313,
793,33088,
268932,
546036,1492,
8674,9157,
2688,272319,
129233,
11213,247091,69224,2805,
1049,71217,
37755,6858,3021,147162,41407,72548,1795,
19452,
2388,133682,587,1326,
113408,78429,
80245,
96447,96,246489,
61996,45999,
41509,640,396978,
5964,242220,15299,
3138,10025,59140,
200322,4801,2855,
730504,42065,484,168,
51347,
5529,194,1882,411,230237,
9484,2161,1339,131014,199137,
1081,67976,16062,
148328,
49855,9801,637258,21593,
834517,47501,4552624,160149,3080671,90,709685,127,147907,254479,477894,487629,16918883,
31343,
2174945,698,
82092,46159,
106392,2362,2787,
5182,1392,32,588821,55406,166,6471,
248417,
22243,
259838,
16853,
69244,
14468,17357,83003,
31548,2214,35319,
25,22915,
889,319700,
725228,180319,7049,124943,
5160,21586,19510,60755,
14907,61010,
522651,4772,709626,40176,17000,27498,3018,353,38604,2633,
31518,3558,337746,1353,
252,76323,
85653,
16098,
1963534,1447,10652,
45652,
109421,60090,24542,1699,
395833,
757,116,1991,21435,2060,262333,
511167,
61581,
5797,1244,
30059,
260800,
280949,3056,1114,
18736,
33344,
2690,1850,142068,
253276,79871,72763,
2041,200,2340,
2422,1309,191365,46513,14878,
368,71767,1265,
1008,28155,
520,23794,176195,
6513,7933,211298,
3128,2393,190147,
690,657,94500,
1012,51738,
727,96297,
1222,630,144785,
2738,88380,
96,76276,
82,270812,
184409,
334,299182,523,
409371,
7053,5297,
1129762,
40059,
71206,
2172294,578391,6978,5020,68805,13705,1870,397614,1761,626869,
2276,25082,1493,37267,7211,
206194,
62984,
135,4916,75540,
497959,213156,1139,82706,26828,1087390,338,
1308,579,547022,434,
23302,2629960,320074,
176053,
3453,829,106358,
63749,
352,128644,23825,272,
6445,25630,
13525,4691,
20657,153964,
56,154956,98281,
63897,924,
145244,
23882,16841,1820,806,182238,218817,
1350,396,2861,128604,
130,224625,1504,688,
79413,
186028,
17147,366373,
91931,
34671,
510674,
169993,
299988,
62822,861,354708,863454,1338,1094030,
287498,262948,56662,724,
140010,54228,
42525,
13382,673866,
2119,
141,14251,
7043,
372,1405,1064,
2120,11600,
13616,875,1352,
3204,2380,3132,139281,
8056,14591,
1256,2297,3606,
555,284,59916,
35384,2088,21121,
162,22373,2059,
29685,
20038,4474,2635,20375,
209,78352,
1928,328,10156,5910,232136,

16736,
26606,5401,4845,55969,

12477,
75210,3347,
72118,
34396,
520,85416,
124338,
11466,88837,13871,6065,
2543,9820,629,
83025,
634,510397,
1139,26089,2036,2358,1748,
3625,1215,30829,39480,58688,256802,
524713,734,1251,22670,
7083,6224,16355,110398,
4099,100674,34576,
37840,41442,
30349,133503,13042,217330,54925,
96025,
1070,9196,28125,
2162,42857,266808,
24641,74249,
92997,
1166,130472,
43915,
25,192,716166,
7077,5047,1124,116066,11519,
974230,
105963,
137,117003,
133364,1179,
374014,
92,536,226781,
762077,
27510,
149742,
18432,3117,154522,
191342,11606,2027,
8170,259818,
79485,
9004,95759,
2767485,2692,10018,18523,
103470,75626,
59990,5283,
213,69125,
66,176038,35323,
271644,
89809,
10855,
155911,1403,38028,
8825,59,4935,
1128338,31130,205957,9300,
2195,125657,
17960,438,902162,
168949,
23346,
1448,298,469984,244296,
17950,4806,4332,858,24439,182417,4910,
2950,2759,784177,158978,58850,13387,
531168,
277690,17983,420,1551,14568,5207,1786,
1055,235363,
9685,2429,5991,2473,191591,
951,194213,
148854,
557147,
663,231720,7159,
6755,546,1121640,6239,2367,33746,
207079,
2020,65690,
794,111505,282555,410,2932,914092,6130,2622,
9459,121,1219627,
66401,1369,297840,425201,72403,777,15397,33053,
19374,
302510,
151,601,82245,
13686,313069,
534425,702333,6019,
82056,
242635,
960,15733,155725,
79811,13920,
3762,62914,
176786,
139438,
130744,4510,199,87457,527254,31307,
79663,
94685,7445,41652,
4668,3870,209150,21560,
258993,
1310,37428,208242,
617476,
136917,207,2525975,4210,77,70488,7273,8090,
644,89907,
275,50184,28994,
9671,40180,865,
58467,
57241,157246,45877,
1977,4408,
43805,
194,104194,1375,
304237,532,4804,3711,
54549,
241,25211,
449,35011,
8198,45673,
1976,455129,3572,
382,31321,
100013,
243,9748,106594,
19895,147419,6915,49059,
28757,
182753,
129,982,98538,17957,
34,28891,
2464,7067,21571,
40075,
4395,145873,18279,317654,878,
4842,3178,
53093,78,25575,6832,347824,97546,39139,
32429,
117014,
71188,
53115,3967,68761,180755,
39788,2398,10662,
2648,34226,
31,241000,
457177,1876,1075255,3653,
25440,
42828,
6344,3239,313447,
48658,1757,56,119710,
333,157446,
93522,
48384,
319,8344,
98478,

10823,36104,
172578,
5339,297,231882,6101,
43092,1510,
2271,15450,324,307736,160169,683683,
224092,61649,
92,175592,
363567,436,395515,37885,278109,
569,509,224296,
2606,563,17413,
63717,53977,215550,111344,
376355,403,74359,
79380,3028,160250,81422,98544,278047,34,
941,121,159521,
81567,
18957,
75752,
7525,
127570,
46958,
8123,18756,125,302,30181,219118,
29321,
5899,223968,38,
22149,
90184,
76737,
782,857,46335,
42685,
19531,82175,52659,
150,43,338,175535,114604,7961,1333,
2973,3007,124572,
3549,290,231,41784,3054,
234,99249,
4850,13736,294892,21179,
374,20625,
15778,924,
23071,18698,36581,7500,
492059,
10339,1069,5794,52048,872600,
242,683,255418,6633,
67447,
2415,360805,
43479,60223,
28207,
20591,
55431,3148,257206,
356,48140,337253,
2762,752963,4574,65212,
5998,52082,
727,2777,4892,31867,22326,
110,76843,
353514,1261,15098,9211,4518,52997,
98687,
101460,104418,
77461,
110975,212686,13677,
692,38848,2057,27754,
116322,35523,
834,68376,
512,5799,252215,
45252,
220520,610,280471,
8264,416,625,252267,
6300,51964,75477,
104584,
1194,214072,3256,
111230,716,608266,4901,
27519,17925,59,61,455612,2171,205541,
23375,2403,1358,1826,14244,17735,
2402,3070,199445,
337748,
3271,3098,617602,3315,
49,79319,
29753,
60634,24351,106467,317861,4288,133277,
74374,3261,
84690,71554,
39183,7764,10587,5244001,163669,9396,6760,
74614,83747,
2961,144564,7443,71976,
27242,13471,
100809,183102,364185,
15889,1779,3753,1645,43881,18626,
2492,40209,
14455,29543,62338,12852,
2569,1863,119989,
52797,442,105569,
8299,65091,278,
15027,
15148,85796,
284,229267,1157,
10002,184210,928,780,489337,80418,35155,
2059,157048,
168351,17743140,46645,7028544,5618225,123388,285532,8213530,73985,6224,876862,673338,132966,3803,200009,15477,1942,
142859,111752,60990,1215,124537,
415142,6328,138,859257,172348,578,390473,
44894,964,129751,1902,
22886,1094,224365,
77088,
655838,337,29,
6114,8192,3654,113727,
398954,4116,
21930,
149637,30388,4415,4577,7727,10666,656231,
378459,19638,5634,10095,
32380,3311,1517,195,4568,74131,1674,227671,37233,
1578318,133784,
4668,507156,6531,
37321,
33187,282033,63471,223438,303,
2120,226995,4990,53287,
127477,5597,690,
5926814,32416,14723,321,
420088,1668,3253,13703,
33671,29091,107893,45142,4111378,
119,407,129316,
73376,12001,6017,3055,
1855,326209,
35098,2089,4454,186904,
31018,32557,94855,
2222,3895,599,24846,
62300,
74587,
44121,
24299,
38290,
190783,2626,
55272,
13735,3094,3138,498,23797,58548,
17443,3091,3166,28087,18440,159118,
40282,3658,736,57064,85770,
4526,2999,10953,12259,64099,
5543,500032,11505,
11968,1057778,10407,
255954,
473685,543,820,35,15204,11059,3716,1522,
17037,235,1547994,12476,
25240,1647,592501,1070,14470,182051,285835,7236,
3932,53703,13033,
4148,164759,3042,68,1964521,27792,25373,
3087910,
179,17262,30117,
168,187880,27916,
2102334,94961,199634,3429,1074,2887,25621,3364,9684,
873,443736,
885123,648,
402,159685,
1669922,11273,471,
54839,644,
162574,56033,
33709,
911,152621,
19979,56653,
3780,6301,
180661,
40191,
954,31,18176,29926,
2281,179437,3281,2169,3515,
27697,
1062,960018,
303,20091,650,
32242,
11794514,166,455041,36656,164217,25194,2280,19502,8417,11370,323,3993,
551,18465,
24948,1333,75450,19609,3057,1246,
177825,282482,31140,
36175,
2671,25814,443,5429,
210457,2169,
1924,687,57094,
29509,20942,1504,73909,
1614,4599,107512,64649,
70133,
44969,
290,8340,
470,60471,
4620,136284,1636,53824,137,
83823,
996,95809,
113322,
610,206369,
1479,22412,
39325,1052,
33590,
1906,117725,3124,
111,1740,158957,
6956,55047,300,
21739,
4252,80337,252399,
40196,406022,239078,
2139,65224,27282,
1593034,3201,2132,385,46666,135,1030,394,3398,
99041,333739,85245,
9835,9042,1142800,323102,210525,338763,6579,
14851,1179,91,158815,
334869,8105,
189712,
11281,30298,
47904,
54173,
1240599,8320,881,8491,
5831,12538,1918,27249,362539,264,84559,35618,3954,2385,
4407,2031,67467,
215,160159,
105942,62360,
22338,
31926,202,
106810,
215913,
249530,6278,84733,1774,1690,119,
907,49250,6046,3742,
1279,3392,296174,105389,
112,166107,
5216,50901,1435,
1060441,145970,
206378,3635,2770,
9976,1576,137237,18042,
33764,12309,601,
54177,1470,369222,179,
3198,264597,
52385,
13242,
178971,
2359,175497,
4164,113215,39889,1009,
18907,1648926,175157,6286,1656,5178,17233,479740,323465,11328,
10177,
54009,76794,44342,
307130,
531,41463,
2737,126032,8725,208194,
85533,1185,42473,
46587,1467,
10767,506334,26670,
15010,298173,
245624,
155,346,33177,
27025,
102677,
23533,
59333,
2206,7727,
37405,
23429,
50058,
38649,158,195969,
35319,
24929,
812744,
788697,10757,
1219,102239,
834,11465,48596,40779,
1339,4407,46641,
13959,2123,501240,
53133,
22924,596182,
7765,
182937,
14384,2364,10034,31555,
65647,
226456,149135,
1844986,1357,284172,
581,9103,
793840,1576,14881,24972,
1608553,421,94875,126980,35975,66145,29158,
32156,
55672,
31584,291,521974,310597,68356,2720,
100000,
4227,34682,4788,
43061,27529,18049,57212,
60887,
750816,15395,20384,
372,277820,193,188965,
22264,122595,
17636,109690,10800,128530,
4440,29253,2744,
4042,119933,
169,147,2183,131865,
610109,
14433,
189,157,8280,560828,
705157,20686,164,430,1451,18637,10357,1245,
2267,175122,6164,4576,30473,3152,
86834,
8597,
3517,6275,85346,
8398,386,483,
3552,2783,206756,45490,
28067,
104,171652,232329,
11752,76698,
14154,239539,52757,485,
166,7419,322,871,467,878,746510,966,
184880,889514,90402,60240,13,
2240944,22886,20012160,164275,53885,95138,85723,450000,
46040,4976,
126,381557,
7195,3366,409049,
65,46,18756,46577,
1907,49173,
488,13402,6013,
73,34,90253,
27600,371586,2391,
42825,118,
66594,
145422,
137954,
1827,78386,
81772,
46433,
6985,63732,
2834,8960,143,9017,2385,429,372480,306766,5410,6390,192,30744,3368,
100145,
13332,
156530,23,1845,1283923,225491,6973,
27883,
1877,3788,8294,262258,
140656,
1029,5862,
9378,
69303,
1004,22716,
557,6144,225461,82,
498,1008,79274,12141,57,3124,
81617,
7822,1095,283181,
88744,315,
96637,
822,74360,163106,1032,13094,579,
10169,10042,16883,
35426,66143,
61983,184,247,
6271,38540,20290,
5554,262,473,24048,
262,322941,
10918,35707,2087,37162,
367,285,110468,
3684,1111,54797,
18911,120601,1652,89543,9651,2481052,495,
18837,306,1042921,46401,105882,
156807,
26669,
24239,
2455512,2116,372115,
889860,
935970,
195797,
13027,121089,46334,6625,
91455,
533870,15020,347,436,110898,34815,537,11742,484,522,28173,7017,768,
85253,
115,195014,
96058,
270201,6034,2539,31604,71258,39230,392,
254859,2314,1947,297,69031,38504,
2003,6754,40384,270317,
228043,15,163711,
10523,3303,68169,
1522382,2343,832,11888,208936,
412507,77,
71423,11745,173294,
55120,188929,34653,182890,
421,118436,
61072,1178,
78447,
8680,1537,216471,1006,
104341,
379633,502,
1079,66500,
2786,60739,1842,1508,404309,
767818,
313705,12261,149,92589,37254,
94752,
1094,433374,
743541,7181,3812,506,230750,17235,3510,9814,
27077,
10389,4437,199295,41666,
10704,
4505,1013,136831,51014,
182,1024,13821,25291,1266,
85297,214424,17836,499136,
58673,200,360,276895,
161972,
234298,
2236,102625,27822,
3472,1734,178388,
5236,696,7690,2722,87852,
201976,
68759,2619,1231613,6147,157611,
184368,25115,
1539,118880,18770,4916,
13415,
5690,64159,4464,4964,92653,
36571,
185074,
107764,517,6431,1370,86,
9121,19718,7956,38674,321037,70586,
90,200315,
36290,913,60137,290512,
70178,
537,31768,
46625,
4503,30444,95629,140,
2902,8179,104229,
14100,349,13538,6262,
1628,158546,4422,
45777,1091,573269,
94280,
8162,36325,
111,7961,83168,
186445,
183784,
68,18725,
8532,35,402,18498,872569,701931,
30608,3406,210622,
56244,1074,
10230,1537,683,468,165239,23178,100,
262095,3566,181129,
60619,5420,
729,1010,135836,
75942,
94635,
53588,9989,
204210,5039,
13119,568,482239,
372,1604,38154,
420,3265,42468,
62,1105,19699,14594,
60474,39688,
47910,
208863,4834,473503,
68881,
1378,144905,
9499,8287,2871,6390,297628,1280,
78154,224,2031,147625,124153,342548,279,5271,
3417,708291,
955,264607,
62359,
211935,
307,41384,
62458,403,1166,38739,101,
20869,
101,150824,
269,99683,5206,
12599,287870,322,
1152,3856,385641,
3817,9191,670112,2712,
65433,
504,228688,17820,
13904,
697,383,1109,541845,548,1186,
96,84482,1975,38716,
512,6323,18870,
534413,
36837,
55605346,21695,2480,64624,97,27932,2902,2553,
629,15903,3809,
11109,504,4921,178578,7488,
75877,
4300,698,216442,
698,76189,21353,
16,54094,3024,
264,9231,176306,33517,391,1983,
5196,343479,
3158,507753,2604,
256,17766,
440269,469337,799,152,695557,
955,49179,
45726,
107921,
47996,3926,662,47237,
68,20420,132198,
219189,
141079,
241361,
16292,
1151,25720,
37793,15924,346061,364,
574893,910,
69541,148127,
747547,9144,
209643,550,547,
38400,
17115,333,874,5185,
50367,
1566,54871,
978,5618,
29433,
260146,
119187,
47719,
61281,
1442549,318,162367,3256,20518,4593,
88778,8326,46,33150,
788700,
36840,
33919,
4173,28460,
9955,
386487,
1191,357166,2202,239,7260,47,253850,
26199,2268,73759,134403,238258,
2193,895,264943,1428,10388,
32638,
7681,15410,22904,243499,2319,1507,
192,219,2645,371,44359,
52552,23341,
5195,201,3903,2392,63123,
1448,8823,2324,321709,
869,105568,
1734,155042,4596,1441,1161,14594,2040,
4859,283274,10655,
82101,
6383,292127,6784,3114,1721,
125020,
14434,1118,65686,68839,
2833,592492,
2442,2129,45975,
6618,89431,728,
121191,10785,
1164,109682,1019,
40373,
22569,463,45861,134,381992,
90769,904936,26635,1036,9839,2576,19917,
6888,1989,101924,
379606,860810,16382,6318,1775,23334,364,
337,40003,
98,1842,30781,
143293,
210040,233,
5446,2524,25554,48635,
22972,
614,15,1937,47074,
12440,2354,193,
9519,
442340,421,
4173,9461,16576,1772,
19549,
276056,81,884,
310575,10609,316,
118,97778,
128037,6233,11089,
501,13336,118,88047,27272,
834552,422,
56497,
447,18615,
60551,
171105,10444,1722,4662,3766,
10361,74330,
7140,188936,403697,
94,154831,
261,125187,385,
571123,22566,
8806,
64167,
65189,
602730,
29867,
1111,35596,
96541,
1441,175443,
33979,
2094807,7277,
1621,124740,
18561,
18519,188,
43908,22791,
50001,
91262,
25405,
50720,1065,21,
395,86365,25639,
141473,
124,
115831,4071,478,392004,16626,39863,1654,
1660,34232,
35149,760340,
194,73551,
252,44871,
271443,
12165,
42133,
19572,985,23182,
326,23041,
6509,824,326926,2111,
359,1370,30162,
35232,1364,65305,969,
312887,
31425,
28226,112575,
4602,2789,70,1337649,17322,12703,5235,
17876,
7866,
10058,10386,14135,
169713,
8922,45126,20247,754347,13507,78725,
74,31407,
127303,267989,
89823,
57554,
27353,435039,41789,2924,
98636,
311,38774,
107692,
8285,298,55493,
4075,691,640,122215,
45159,1688,1616,193530,
5520,1969,212611,19343,
4994,204086,
71305,
57040,
231,1891,41736,
13066,8514,236454,
19446,
35379,5413,
104117,
2244,1145,75897,
1721,185,128585,
67273,
12140,
60842,
105430,
10902,346,249362,25774,4864,
1762,44148,
138,77375,
53224,
26176,4263,801790,334,5578,
393247,48970,1992,79892,150,6030,247033,23260,
183109,
21636,33584,
1886,142212,
912,383,48835,
13,33316,
78095,59671,
1345,2595,87344,
334551,258,4524,7977,
303,37072,
40959,1565,
260,30240,
14960,322912,
155479,
150,60999,
353899,162205,1115297,43880,860,687211,5758,44,2574338,112892,38375,30049,1284,
93486,
33613,
807144,623557,
68665,
4712,59588,7853,218557,
1265583,2171,4396,
252985,
2550,73579,
321,3128,801554,
865085,1462,2894,1193,
126829,43671,
237,270441,14395,
109105,
90531,
1157,7807,153595,
1170,155,1080,8529,6468,2833,1529,
199,206,44183,
286,221,564657,
4815,69763,
422954,60379,312041,5527,
158977,1098,3693,
11235,1603,1003,463,92755,
1218,405,22691,
2090671,
1462,1845,493379,
1083,281,366,181084,
27034,
131590,3632,
15530,
192751,
5263,10352,122995,
56450,
34593,591846,
9928,144797,17756,36443,5556,
85000,
13713,49225,24462,
4584,146612,3582,
2557,886,7131,51712,
22992,487,1576724,14419,
5003,12362,160240,99046,151554,
169835,25408,1592,6468,
48750,
624637,203,
5598,240324,15052,2477,
19154,154057,15138,
763,3819,849,67718,
78,5443,784,101128,
48591,
60858,
124238,185,32550,
24191,
8821,
21914,
514816,886,512,24209,
24285,4320,
7633,85286,16852,1760,434,346,
381475,
9089,93107,
302933,
668,618228,
4744,1290,263257,144071,
12975,1843,108148,11335,4130,22284,235833,2371,12478,1505972,
822,5025,2490,141568,
214215,
57714,
151178,16488,
2507,409483,
2583,174908,
36353,
17487,933,
2374,6884,133127,
446,894,81008,
734313,
35097,687,
925,2374945,
13715,
100423,
5701,10962,618896,
2872,227300,
182202,
2572,75,142,5603,87146,
2163,29765,1671,
28567,2253,
75801,
7327,138181,37319,3989,5291,7587,
16621,226581,202,
714492,
33317,124476,12809,
10,18510,
56987,
113,574,124237,
31332,
59708,
43794,
17039,
151315,1183,
69592,218,1003,76599,
114942,
848,294215,
88189,
1607,1833,77718,22506,8075,929,6110,
7999,3556,727504,1363,45782,
722,
3033,4804,36361,
145197,17243,26872,
333650,178,1598,
3057,4241,173782,
2036,591,72820,
153,38415,
3598,38064,
606,546,39175,
1733,157774,1746,889,
29527,
3528,1254,25258,
1167,62558,
179504,5654,2382,8264,
11339,39904,806227,
861,7105,27376,179429,
222,98128,
1092076,1066,5667,
60,305353,
34231,4095,12516,
1052556,
1069,68001,
44,27568,
1364,791258,3518,15881,
11985,
195073,
505,105185,
267750,
98932,6586,5497,
165498,
457,2091,123403,427,
137552,134639,199,
61593,
238322,71,
2829,45909,92070,
173,123677,
240649,
29176,1936,589832,3829,39489,24595,
7634,46648,
75401,14342,
959,85969,8068,
190,2366,29072,
35296,14,431482,2639,2590,
15550,10778,
442,599214,7995,1708,12840,
2933877,
28512,
2716511,534,13720,
40117,2269,
384,61157,
1402,554,42423,134,
63248,1926,
6641,
275949,12946,849930,1349,
186378,50584,
21,2755,1664,362276,
4605311,401556,40520,845,28021,442130,16596,23794,25446,
668,203770,4773,96,
155494,
3055,67489,
125471,5092,
1428,64849,

1331,9871,
18981,388092,4308,48106,
13729,53890,11778,
327181,2836,12700,
13514,54589,39231,164218,
91408,18207,
339041,
25411,1021,38854,313,65977,
62943,
44364,
177736,1376,
16419,
746230,
1515,548,18922,79,311195,
1338,153946,
719,11465,
87560,689,
38899,1712,
2540,151813,12472,3158,
471,57409,
97,104614,
372463,
1061,531,122736,
61634,58895,
782,145517,
27426,23011,
1279,118913,
336376,202,10747,6822,5610,141955,10473,
6807,3675,1935,358,21691,111206,48649,8757,
49248,841,111023,17790,399,
464682,738837,7451905,
619,89377,1732,4092,
62,37275,
329,35535,569,
6582,696579,
107499,
10394,578576,29433,24370,
95152,10845,70876,9009,
2950,422283,4085,16192,
1134,34592,
516,4897,
228665,905,
849,69271,
166774,
142475,
4646,17376,9175,73698,754,
31331,3074,49942,12768,
129507,
178333,824718,
760007,36118,
7879,254,13189,5660,113526,3569,
52302,
7898,5420,2827,
32294,10578,
198679,
48183,1805,863390,290,
2537,475002,5430,35097,
1858,185612,9938070,
25341,346854,35817,63011,
118714,
1530,1100,3979,53794,10751,
124105,
233691,221,317644,9989,
12886,160,
549233,1602,34423,548,431031,13289,1697841,2736,23212,
16952,
1411,1884,819,51522,167132,
175,289,46406,
487,5655839,13594,
710,639,18200,1417,1715,239663,
22569,
84507,
135228,
331158,2486,1734035,284,13388,123884,
2369,309,484218,16924,55057,33,7847,
2008584,3570,93494,
87418,11861,
697,22307,14248,18928,2274,173230,143871,
45713,
56876,
250,28279,
900484,3509,1268913,448,2303,16148,2526,
211,102699,
35062,
28483,
3630,95391,
135207,2358,671,
293,34901,
5096,5564,180494,7790,
3900,490502,
238832,567,87866,976,
447,275,291676,
5762,3189,33367,27232,71667,
306,251444,11943,3828,
182692,
563553,74,554388,22461,
2507,33044,
366627,12024,1542,1290,42484,5995,3055,
1784,220569,
177519,
92064,
217755,
9233,1349,5833,327228,
21362,3714,1823,400,711496,
61391,
253412,
55523,997200,97232,
54840,291,
26458,172,2068,
35462,
18074,1704,
71193,
604,3767,44854,92969,
190,217873,
4952,9447,
66518,
56623,
341,823211,
27366,1661738,151678,14044,36893,2741,1390025,8745,154,109703,853,1272749,346705,27079,20185,13862,
61890,
711092,3195,193,
210530,3240,6242,2013,10986,426,108962,59032,522,1526,
1813,546,789,11292,499,767387,1061,
117016,1904,1164,
126676,
449,10366,
2232,70597,
52561,
3397,36710,1241,31035,
5926,192320,
1583080,427601,477478,10105890,77288,6345,5785,
14792,11038,264598,25828,
10335,105614,24641,
16954,
95219,
43827,98,94,50598,280545,
169562,65089,
169761,1106,
82231,52316,104020,126558,
246810,88596,2721181,7799,23777,
46853,304927,16119,
1049716,26,2864,6020,1571,
96291,
464,3119,158681,
5235,
1611,953,9553,37165,
15651,9208,21870,
39121,875,10808,4123,1353,
3247,11813,15098,517051,10207,6497,
115,179575,
533367,14,
7409,5643,
6838,99347,13108,9352,
2221,4060,2328,91964,1019,
44853,
845170,
151,2571,199918,
799,9439,32708,
5048,97348,
1439462,91,1472925,2296,5075,10643,
117633,
6634,102154,
24227,14586,177,23854,
234875,50675,1892,6048,
221,484061,22495,330,226056,400,
818508,2331,1653,13624,
1148,2775,67027,181550,
1175750,5616,7399,58825,
600,153547,
1800,327198,
221,42460,2406,20551,198,
15354,380581,22739,
53349,51466,1248,
15010,190156,24737,
2135,30895,1010,
4964,89,2763,3091,3228,1957567,
9020,963,600,120838,8219,
1768,541693,
22282,218939,447974,6701,
2791,213686,
6108,72707,9655,64194,
7154,32375,
60604,
1358,8451,197717,1289,
2116,754,284480,
20503,82714,
22010,
13398,34254,25633,338510,
632,79974,
24713,5998,9883,243664,22312,
88326,
495,71396,
31261,
1108,124733,
5266,466104,
85434,219,48368,316255,
43213,
1570,1428,305,6584,47276,1389,
2751,2198,145017,
5426,183503,
108366,420244,14545,34715,
182932,3579,
39367,594,5998,110245,
390660,267388,
581368,10966,49683,4599,
3362,4871,69194,1237,
452963,
30594,
40436,
57818,
234616,815,
301959,
21036,
452017,563,148179,48296,
1794,4720,519937,6625,
253138,3091,
1243,108039,
39372,35166,5544,141044,73400,1795,
395615,16659,
569,6236,19041,264973,
22073,518,
1154,40693,9364,
16051,32222,28537,
14076,63689,85835,
13043,132482,13383,
70539,239423,104133,406345,
46513,
150,9103,13031,
84895,
840638,932,472757,44973,15726,3501,115353,123139,
2361,516,331,2751,47594,789,
3152,279348,
20269,
58903,
191,
36064,1398,1110,1268,494179,63,
10500,218,91933,252083,
473,597291,
171,91411,
688,116470,
38910,
117506,210,77194,942,
38544,
45958,
56790,
167807,
1719,128251,
64853,167270,23760,
6511,64557,1954,1861,
87556,
73644,
25373,22886,1003,46990,259,
4998,7884,1933,1632533,
3669,1519,16616,8116,
790,82314,8881,108544,
14365,130334,
3193,7903,33140,
703,221256,292,1560,394258,2376600,3711,1718,
268329,
36857,5913,
72762,2148,8313,2616,35876,1601,7342,
37078,
38760,546,
40576,184,
51,233929,
16950,373328,6821,15221,
2461,2457,16332,78699,
23660,53916,
21798,
49766,197,69,1319,496040,37787,
172953,4987,
82361,678,652565,319235,17266,
15582,3083,1225,1341,598,753,556727,
100286750,2354,
3085,125972,
58021,200,
10261,36456,1362923,
195,286360,
216115,8232,550,11119,219267,520151,19222,36270,913,13729637,
27156,
104864,
1634,28649,383758,5374,
440192,502,56674,55708,4122,
1300,169245,
46013,
872900,1832,139634,9413,4121,
26585,
1898,4753,105835,
14150,225489,31736,
41612,76128,93321,9135,84945,4790,6232393,
18790,285012,
84,44365,
73694,1819,396,
88111,1660,
597932,
135218,10216,502793,24992,3137,
2119,1131,168404,
94695,365,2229068,8135,9368,
7203,5810,27106,55031,544102,
9324,3559,1212003,
99586,
103436,148783,2274,218631,24777,
16137,1175371,10304,
44290,52246,
7211,297050,56974,15147,
234,12629,
4166,824,16459,23936,4229,
293324,155,333364,4481,
118442,
260003,
6912,102465,61416,1322,
36757,
52711,
234506,
17689,
167474,
108308,
281680,
52891,565,35358,
1024,59507,522,
49404,
194436,
177730,
3326,2929,659,9857,774,501782,87712,35851,
247058,591,
41812,17672,405,64572,2203,
3907,5820,255986,1309949,
109147,
24432,
20283,44694,113705,
3390,9877,
2811,1369,
88500,
7765,1696,3693,758040,
45332,
4470860,
19164,5248,622515,57721,7582,
21582,1202,1598806,2333,45872,547074,8914755,2333,201937,
30949,684,
3741,6892,331,
20048,11594,93572,
50408,
52,32821,
55767,3140,226931,2679,
11182,408,2115,28465,54504,163785,
1496,11360,2089,346562,
22475,
9328,303,330436,
719,289,468431,7135,2010,
6126,1869,
971774,223,
1154517,492,
128118,
3149,86,466484,801,
9469,4293,145304,7613,770,41304,
23664,2696,128284,2060,
182147,109780,
64609,1025049,48951,138536,3412,
5497,269991,46547,
1237631,
285,30837,38772,14079,
213,1149311,
446,1275,69983,
24530,6154,21194,81172,
1532,1266,185760,309490,
224496,14071,392225,2341,145261,168300,
39677,
5636,762,227656,
63092,10314,23088,
46569,
24363,356,123955,18003,486,519001,
64605,
8227,8047,36564,
58483,
1008,16766,137079,
12667,7282,10064,97505,
137,492396,27028,430,
10153,1507,1172,2471,952214,6855,
98991,
13605,90833,
2253,169432,3336,
3959,6187,75167,1065,
132,20296,
40841,4301,260,18994,393,
20076,789,2048,17937,
2065,59129,
5798,240329,
443039,2704,4251,4231,4520,849,
32696,
440601,
225,24916,14545,30180,17384,65726,
332,2904,518456,
2192,695,5623,267110,
347875,
601,12774,195707,
24013,43133,
464538,364581,12486,4746,
296341,805,329,8045,591,
93309,
733,
8844,132671,
45643,18153,
871,468,29,74,60981,15182,7050,
172150,
448225,3948,
349840,
301021,
37487,
32005,88015,398,228902,49846,2188,1241199,
775,132406,7421,
38058,63,
730301,1964,11334,
1806,758,1710,22488,
306616,79634,

108324,
12864,
67,1711,80678,
5416,4100,50454,
1593,104555,
917,1687,14632,1250,11301,
3831,19,19414,11815,
148710,
233635,581,
42794,
18885,
35926,
26137,45838,47031,143855,
61902,
295003,
598,118127,
684,89458,
1078,941,103455,
5123,957,54573,
260,1466,23281,
567,3897,84107,
5066,166933,1559092,3814076,224418,972,
214,18652,1894,40712,33862,1660740,395781,
131343,
76605,
14197,3313,344,116849,
101,3073,3128,1474,113,17280,
807731,6403,566,11095,7339,13868,3476,4183,800,
40,247,43944,
49568,4937,876,15970,28358,1250,100161,
114511,1850,
15398,
474,1853,56,453378,1734,
76414,
21067,
32105,4850,7100,
4146,1050,129263,12021,447463,
7482,3073,8882,8265,
3976,1744,51617,1366,
30105,
95,40598,
64831,
32437,
283942,
3182,908,117538,
167,248,24245,
246692,
2711535,385,166277,27,11646,
3539,11122,2323,
45925,
1967,247,7470,86099,
1537,91564,
1404,5396,385,294689,986,1337,2462,1985,
652708,6974,4941,7040,28678,
177164,25144,173615,
46424,
2139849,59714,
3073,182176,
2176,1279261,
7327,78992,44110,212524,
21661,26658,1505887,
78128,242921,9385,476,
112387,16888,16809,13932,1673,
191435,385,1045620,267,
60527,106,1337,116866,6183,
329913,
1809,5052,2099,301589,
295319,33553,341813,759,16859,2861,19497,
23160,
317036,13524,1477,80872,16435,
151634,
220842,
71966,19076,
103828,
277703,815,
1035,1510,173979,759,
159555,36158,787,5266363,8310,550,
1903,4065,554430,
5951,1145,535500,3803,
8041,119339,
300859,
3979,45270,52742,3913,
21574,5815,380900,5236,3322,
554,49696,
8485,584,93445,52484,57261,
46591,
85151,
5457,354285,3985,
11558,145693,
47,13,493693,
427184,632,15798,3678,1519,1068,157,
55124,500569,3932,139288,
42839,135,
176944,130402,78915,
1775,76886,
629,261517,
13019,1888,2303137,29268,10110,2566,56814,
5862,25516,27615,7316,
5987,2921,104,287185,
21887,272261,196420,
16106,851,123081,50069,11656,
80275,1873,
1360,15807,176847,421,
107855,
2217,321324,
281496,4533,
227155,357180,9999,
80409,36039,442,
157137,
1532,152720,
1160,86107,
4668,85907,59668,
2164,111034,
37424,
29736,1561,3265,18197,296130,
3429,129,210,879604,3304,125320,
667,273063,
2198,216,102970,
778,2904,484076,
325,29572,
82877,48922,13733,53542,
61241,
20294,2972,2577,114,1566,117777,
81767,
64784,
1057,159,5055,45428,
16122,
233,502,11719354,841,
15062,2679,219659,31129,
738,144636,868,
39850,477128,5886,2455,
16173,4842,25075,3906,
546,4600,9396,183838,3544,
13844,883,
237716,
2176,347460,3393,5244,
21352,2120,1633,383416,224578,44387,
115368,
59765,
3887,
115611,
70072,7230,578,
6999,311727,
87,88,77174,
2062,5581,82819,
8182,2083,
4233,211164,7852,
2547,725922,6308,
136627,
237185,2262,562069,341163,4242322,653983,346178,28086,598,3438831,
602,956,176936,
622991,65715,403,100040,250319,4424,
2065,82,1511,201591,
13782,7,12390,602826,1062,18,
74906,
312,104812,
18729,122284,298,
224052,679,
47485,
989584,
156625,
7127,13515,33284,
155330,32974,1348,7954,
57416,
976886,3584,10712,
26520,
8784,1337,597,517363,13,
682,59,311890,
3124,8824,989,215446,
39192,16649,116,725,36231,1657000,
510756,10966,48,
19767,
14314,17804,257,
11997,57794,1105,
361,143647,
447,418,89,519607,
1450611,92,
3555,
106185,
979,442046,
569,541,9145,
159042,
380,12556,10755,
2346,558515,
18318,82010,
681037,
11366,18511,2532,
60657,14156,37408,1775,11295,18822,14400077,1429065,17606,4583,
12152,
17359,154538,
2993,16452,3775,
352671,148769,
21850,16792,402929,9498,
7462,301541,3146,
1496,10618,2761,3250,1955860,13280,5546,
3054,11420,
299,422065,5674,7244,
288900,
504,32,30903,327,
55726,17090042,15467,23191,20404,95749,19114,6933,225814,599291,164250,1353,116533,223964,61164,151670,33081,66458,2223,710,3107038,165992,15960,18988,125940,89080,
2401293,662453,8508593,3965,25476,160462,10635,8381,192956,
9542,116377,
846,10799,
36673,492,2235581,51,6395,11638,
4308,5982,
100196,193222,13427,
6908,57179,
61565,473344,28025,2223,814,43585,30702,266,49367,1484,1703,1193,90316,124438,
6215,181927,
11218,
6771,5349,1495393,4046,561,
56887,
416,68840,
3334,80,1763,572411,
852,217789,746,
3819,1528,147976,502,28376,
524582,
1112927,346216,
6610,
38636,1274,29029,7868,8437,
339080,
269,27480,273760,
65,32802,59,
1742,583763,
51767,
923185,196634,
803,616790,
57,4065,18124,628,
13109,8540,
250458,88126,110709,594127,
72601,1313,28237,
1938,1112499,
4015,7174,2211,
81027,
348127,7008,259331,
1377323,138,
1841,110,1748,255774,
550,14930,4097,53009,
116000,914,343901,51106,76457,
64807,
5116,677246,72658,8972,14571,467,281,475,
37319,4519,6222,2173,1441,655609,
1838,62865,
88736,
81141,

639,567638,14621,
179855,356,75423,87928,17321,4777,
1019178,8881,
712,79746,
98968,38704,58022,1090,589,
43867,37300,
41222,
86183,292,625217,
1301,380,6209,143627,
358027,1143,11676,3316,3096,
10427,116164,87759,
280,722541,1643,
101,18379,389,41108,248424,
75656,
498,72166,356,
11226,1370,39165,132725,
1838,597,161826,
616,2193,630926,
86132,444446,2541,135,14367,513,5013,3293,

324869,
26587,
119377,2127180,2926,20318,11711,16074,227913,
21877,3588,11484,11603,2239030,290254,2783,48984,3176,
9511,7310,3884978,311877,21220,1215,11982,
493,1042,22380,
421,409,5091,98773,
8526,148,12231,1250,356979,4223,
49431,
281014,5966313,2339,2368,
26880,
8288,8117,
129438,24835,
3643,231455,837,21279,
36753,
31974,63141,60267,2558,174896,4775,323820,419,7674,284747,
24273,41859,
510654,
261,276,23449,2803,
7402,3411,1805,1699,73136,
452,67897,
1655,3798,13516,43406,
3272003,522145,8464,264756,81103,6824,24552,120,31,41909,7196460,21164,4932,
13,280044,
277,37382,326,275477,
574340,
55456,1816,4522434,173349,5841,1851608,19325,451503,983,8675,980,719,166418,3980,3034,67026,16029,2705,
457,125749,32336,9143,328,276256,1250,998793,
33762,14182,77933,1282635,
185268,774141,53281,
136132,33934,2164,59156,468153,2095631,
105044,5523,933,100584,233366,1250,569092,
12252,287910,886329,27963,134,5190,
11397,1994695,100225,90467,15060,1527,184543,
3556230,2314,68405,5390,
471843,1152229,
5495,26323,169904,485464,
3984,392072,74806,23338,
717,18700809,1398,1309544,78684,511,723676,1561,172543,4945,1565367,33391,
5079,49685,4940545,
69174,11926,3244,532,181867,186073,2845165,620393,145,9818,
409744,7407,
937,723492,
7566,10589,684453,
694,1298615,
383,507630,9009,
79723,229,2005,88116,
658,76791,
331696,
11980,509,620088,202995,
1112,149,1387,55047,233852,
129398,
27697,441398,
8782,476052,32090,4117,
6814,539449,14421,18494,
4476,3264123,4532,
426512,
18,351487,
37720,4216,12472382,6148,2930130,
77680,164485,2268519,17187,3917945,7991,
342524,4157411,17977,2312244,5876,153941,
451695,5705,2400,24208,41766,1251,514,550294,
823813,339,904,288,11117,4450,
418,700,30,330668,
5329553,
33378,28706,55999,2447,597424,
791608,1473,
660,566665,

4470,30506,127,16732,239,554084,9486,
283599,126937,18060,5183403,90203,35153,1991380,44086,39177,
286800,
4610,1650,792102,145149,
10087,2994,7210,1675,13289,39650,1372,829927,
330473,32102,983386,985,6062,134542,
27,8,267,3973,521,171,2063,3412644,
5817,388336,33836,23485,7647,2349,1775432,757160,16564,870,3399943,
29458,306,91568,31897,1253,664840,13947,
4425,406,857,1458,1727096,85888,9680,28,
543,848,294683,
5071,595023,179005,2026,
44960,
2048,3203,1164,133800,
714521,7171,3188,188736,96178,1868,601275,
962,79489,49629,2292,13611,154,5397,118253,114039,3193631,164954,
145249,4965175,115766,17798,248,82162,6315,89296,4388,25748,9148,5693,683,24210,
10236,5529,5575,6170,44359,10153,573030,412761,
440,42878,358,
403530,
5936,102187,2865,123117,659632,350,325,
7011,51015,2721,30736,27273,513565,
1233,1040042,1266206,
101246,
3523,637478,4926,
741,65,3794,92877,
43284,1100,22719,22681,2035759,412985,1727,
1533186,6315,9238,491,41544,25823,
91894,20570,1602,772,22668,14,
3516085,2008,3940,42147,12726,23383,18133,40670,4350,1171,2596,7150,
148703,1704,170360,33315,2164168,66548,39695,428954,66414,47933,
35806,261336,460329,
646251,34041,2542,1302493,239090,1031088,29526,
523996,340,15143,505773,
146443,1800,289768,295199,1250,2336285,36000,
20246,936,16563,27516,150301,
431005,30101,
2833,1305,3598,920666,
6357684,4265,1619,1344037,20967,1072705,311639,255,53924,32905,384,104267,9776,
2488,474104,85178,23,
850892,5138,57103,42867,9416,10303,
1884,824,163873,963,773811,577,
404914,686,1189,204528,1680,
5010573,3423599,232442,11599851,694515,45675310,342204,315562,51754,1653457,1657,85322,7885,24082,1369711,76344,2160895,13614,328967,14894888,6153,
279,2991,149738,
51407,2573,83482,274671,1079068,4300,
19483,1081677,36199,5074671,17185,92670,24314,1053,4337,429,1889283,633,4832,2080,323052,21332,1139394,121,13104,15792,
19783,2599,54155,1240,951529,1278,1463725,
190285,
225336,74342,47071,291,1144139,181738,643776,

49453,6738,202,25257,136,376457,108476,
121,437425,1627360,
2768,1414360,1773,43507,14871,264495,5582,10323,38692,3148,497831,9133,
311312,2224,736774,448,
93955,
420144,43,238,
203880,
18314,2052,14,1747,114,100629,278498,6073,3779,
281186,425,2367,305462,1585491,
17710,37,418320,56,
1000,229956,
108532,428920,169639,33194,663234,63552,3307,3954,1704,3281791,1625854,44254,11753,63961,47611,
2681,49064,180074,
18040,709,1905211,
27338390,211428,22160,6,14832134,2740,277,164233,165706,857,42,32938004,7004,46434584,110465,64578,199796,153073,2942,99913,2058,29453,52091,45772,2009,
703,116513,
18467,593,1035169,59876,189577,863,
6251,441,592617,637,2942,3477,
14143,1430,545666,315016,335966,
67186,868,397,278,852030,971487,
106940,12891,2356,101240,5993,88232,248867,838330,9818,
14603,1269,80,38119,4886,156135,
2811031,8193,10044,902,14082,89115,529,51312,30240,1307,249,
1932,1334541,
676757,8425,6114,1968,1097,72038,
27447,2440,1052,64276,4886,193420,
3628533,
7342,34,49,596095,
1031,258668,
151545,
41766,5024,104,30791,220237,514415,
31715,2141,4185,190690,22369,361591,
55262,1038426,
1225369,78,318,12637,
9904,174,519,285,9176,86,24,14399,21636,3004,
739748,1893,1277,36663,689,31138,
714,642,4455458,
2279,405156,1942,
336786,
27979,226,14439,123758,468923,1912,
6498,138,291570,
38015,1441,21799,357538,
188731,4987,2805,
157830,151668,381303,
22245,4029,12966,9852,187214,718772,652,
1907,1431,753659,
56790,320593,
84197,837608,
99804,447,144,2945,2106,1692708,343,651156,1250,557660,
242655,1518,7494,5215,768,
808575,5483,1521,
28423,829631,43975,1072849,5372,823,86337,1413,9455,105,5455,1819,4265,411,12034,30241,10075,
3278,4742,4625,866450,
5346,1129,17520,124837,
58164,870,723,1340,9475,5280,302219,
1522246,2104,9480,80180,302,
3054758,179,82,
1404,602799,
1523442,132325,4625,984605,3282,19246,100453,7751,
4984,463579,1138037,9633,78358,
2189627,21839,12500,22103,1021,1809,219158,72526,9821,4849,3285,
30493,1619,8572,301161,
5936,172,101,1700,982,14619,195776,
80923,81437,29131,
167256,
3597,4981,50947,6534,19030,1806136,70817,4240,28450,28,994,4780,87,
1316007,3306,16139,
130938,148469,811,1155836,927136,690,403,62,2671,385,192,31,185,6603245,628183,226804,118894,1023,120163,818,382,44782,408,36995,150788,379,145,887863,469,135689,69,207717,12685,858,402921,1980,413,164,28387,25458441,3360,70852,57007,39954,493417,258,215,5201,450,385,
179,298771,
206704,8111,2218227,32511,2318,5675,1921,332488,
497689,565524,12157,1651,490,
1750,5992,304,625,14858,272394,
147310,36511,28220,3600,14504549,9163,313140,
439779,10399,77685,215,
1077128,
16995,2034,173,12656,764222,
23562,1134,16768,196642,
54186,22958,2228,862,655851,602295,12475,13220,
3431,499,934102,3230,
741,39590,2168,464157,
28192,1177,41,1139329,
122581,64066,950242,
36343,490793,2571,4720,
210762,1093,
15476,681321,
26790,507,119759,1138654,822755,527797,
1936,269079,
230575,292,764119,10500,
1030,319,907,5442,517228,
11322,10216,7318,4480,36490,13880,24055,
52752,37952,274,103184,370554,38797,
2734904,44142,9412,27431,11779,96431,302967,154806,105946,1242,
17279,7823,1006,137528,1516,17583,2103079,23812,297,
213755,19398,773,51064,1816,2760,
985741,4699,2340,
80133,6107,76640,74875,7581,646752,
610609,5118,1738,1667,1098,57025,52603,
126248,8265,1945,9781,70828,13104,42450,
36105,1394628,
347691,492,187263,445,2468,1074,12381,
35562,11534,1893,1521366,74842,7492,38098,7372,21203,422343,83564,
673392,132,433279,29478,10256,421,78755,
6320,1137435,80310,
616811,137714,
1549,1209,6923,42286,320156,
156026,
343,174069,
1090893,
2488457,25524,37606,73633,19382,155535,
198,278679,
613091,
12317,1088674,818,165087,
1835,248758,92623,
587515,
316,970239,
3090955,7112,8046,5043,5665,277,
3344,18737,12574,888095,671,
4555,2939,495226,
2225,53623,23646,2274,731626,173466,
3672,297043,118839,176507,
379345,135787,51015,14399,102353,8182394,248204,6546,
84888,6413,107805,
2602072,5532,1905,4148,219607,
42566,5697,2350,6928,62652,2621,3521,895,63929,73579,128074,
1694918,27102,2130,24769,246152,12462,46000,
38151,8075,5099,202393,1032,274783,39034,487121,
1116949,2667,47488,
1635,1822,58921,10467,862236,
2299,1229,534107,
10960024,85,81222,3360,12073,281,276704,
4804,483,137226,1842,995700,
93,2465383,
784666,9532,2043,94337,542650,90433,
12872,682582,94553,
11014,697705,126239,
580,1915,2346,285134,
178229,
161849,
664728,1004,5014,
10622,1269,1336096,3624,732,
1064,511153,3232,1081,
77438,1794,235617,76720,535690,
416308,132,26600,5141,
795669,4922,1170,4820,
190068,17281,15904,36188,24139,642601,
247,
101,26762,219,4310,490,52010,115,395540,217974,
2208,874361,
16963,
13012,4226,24631,403149,
45521,198845,1023,1117,1215833,204587,
2756,1864,265455,
348392,9149,1277533,230259,17593,4034,305822,455330,
4693,1167,128,337901,4288,856210,1759,1373,82757,
75,25650,2258,779885,5166,25708,65503,
2947,1340,83039,19281,1226,
6268,5846,16742,568,161430,
35709,3512,536559,17432,32848,450,
698,940,4614,684,3450,51427,412,2120646,
55015,374,27104,61327,1157,452547,
37704,19720,13222,20166,2217,
25265,20347,2526,1444047,6450,63848,48437,763,367208,
5508,1592751,5011,
608,292498,
170474,
2376,3039958,552,10257,37083,174262,47503,
550106,573922,44952,18602,85992,1870397,130113,3939814,13062,4058,157845,126824,113906,13437,213806,
38032,18076,801872,72978,
41942,103887,108680,297282,
558743,
3586330,6690,1999,329,58509,785,
90197,2222,10460797,441330,1848217,111087,
11091,25,17,441310,212,188,
2685,49720,3254,119481,79443,64025,1455425,278,2995,1064622,
502385,24976,
345688,8544,152,19445,6211,24240,
426065,16487,398,938,36007,
1425,637153,4165,
7932,1855,1971066,5868,17461,
4918808,298687,15458,45810,4882,3196087,
602159,
55770,959,279389,102078,163037,
1623,649594,2174,11658,6683,
1704,2065,1040319,
3407,9033259,442,21130,107353,1749964,37316,27596,64070,376447,1283626,624216,25677,708,46746,34628,11314,391,3216682,489,28952,30222,35105,7550,6453287,8296,553295,4774387,55339,5173,27798,16227,8369475,1515529,
18927,3635,1613,5493,71072,458214,7097,
2755,7389,889062,
33070,683735,957,
25220,5184136,24034,
1983788,16512,23402,757,5668,5851599,
6042,5358,165,7553,97,1325666,
4676320,37900,13229,7098840,2166,67444,2701,
12949,8178,1336510,560577,295900,8685,2959,592,4153,37866,1847,1664,1067,81868,20343,738,
9836,3812,36952,51,1303124,
37718,31642,4700,701,689591,
717498,
887,386737,160605,
269279,
364,1406289,2489,
360269,22467,15614,339,2837,1859,94,
1643053,17196,6309,2838,38471,15560,14432,11250,3436,1194,
2071420,1143,12197388,995570,53518,4662,19,1964,160,144819,66531,1091,2911,
245,364,8597,77055,
232295,
218296,129013,
1401222,5777,6620,10226,705,
214098,
10758,1009,21656,44225,23018,646553,
1650,1068,552,951,26,118682,3383,1868384,
380,6220,479762,
3631,30382,483779,1026,
5572,1851,7056,934345,
133387,11895,166,42772,3144,7097,1729,
449000,
1481835,
801,251946,
5261694,6235,5237,106014,9912,4299,11402,
1096331,6403,
326339,1037,1522,76855,
2648,11196,6034,1486021,256331,9620,
4560788,1564861,885,5187,
503987,2611,11996,38952,1985,96525,540,
9199,374307,17118,
373,470736,
15732,5131,1675,1202520,
3560,227,284437,6390,
200615,11363,265759,1828553,258690,3931,
2882909,3915,100229,11021,45809,205472,10569,8455,428404,
1358,91,408247,
34844,1116,201736,106882,27952,
17296,38780,29400,272132,
549,524899,
557311,2333,
1462,199846,
339031,6637,
1186,38,505728,
69142,5754,2925,224322,9760812,733,1937,
790697,
8467,9782,184512,
11295,3523,143,1594620,690,
262848,20554,7493753,334,24878,27233,72607,
731940,6442159,79868,
1248999,
520702,
444,834868,
11378,257,409,260730,76790,
199444,93271,3795,77030602,8071087,54820,4473,3864,4689,5465,4446,45993,7267,693688,12283,10888,9377,
16441,463337,585,12430,
1666,104088,11441,65617,
340,179,177398,155,
894,342308,
4062,202,585,547851,
9003,1292,
0,1500649,524751,
190518,313,453,585847,307167,80137,
6381,806455,1256,672279,
462395,3389,3472,
87348,879749,9051,
1628100,
7798,455169,50363,
7470,191439,
21241,4608,564110,2948646,53618,75076,
1147,7898,259029,9680,
244692,
4393,18663,12298,572032,
1124,753,382,329,2261,633930,2768,101,
47,3713655,911,337657,253386,
84856,10008,8343,37394,3879241,371951,330332,3451,892,65214,908,
6527,477,581604,40694,
1490,306848,
10720,63986,2536,78487,83161,987222,191965,24569,2151573,

11334,12264,6232,
2781354,599,9468,14864,2959,
36894,16530,8400,22,956477,5226,34797,279,561628,
201018,
76266,1300,2276,1706324,792,125923,
210676,759,316815,
37533,2866,46530,1698803,176,141,
17460,2468,10,48577,1426,1690703,18904,
21581,5955,836,921,16995,1300,460379,
6829663,28291,899899,963,243310,82564,7690,
3629,343764,156716,35622,
87745,18272,3982,217392,355412,927,
218417,4582,989762,2537484,226344,1613,
884,21,434,88,13806,205581,
1352177,2503,277,10095,
1715270,
104675,397554,200972,451201,
1472724,2148,
1444,142,12824,
5407,
1315358,4355,2352,1172,462593,13392,186,
15940,3541,96009,4969,11440,1289,1470,
4666,585,128,1928,328538,253494,
126171,10006,36834,13879307,2531,1249,17663,
2319945,54854,85722,48325,95167,1250,105,1563,358,716,108,80271,
1639704,3509,256,1432,1226515,3688,
194068,2303,425,1755960,2824,663572,
11804,12914,955740,
374142,2898,97,696358,1149,
860154,21096,7697,277639,1599,214405,3395,21533,84,13637,403,406198,673,
190535,174854,985780,133,
4106,945,1091847,3794,2300,16292,
1101,954830,
51162,317,59263,200814,660956,
266080,896869,649,
148921,57344,13018,1583,15324,79316,457659,6948,483856,14157,
87720,20069,16393,201,167100,
6602,282,405262,174562,
342,22324,840517,
1831,1465,1571,
855722,
967,2957,394262,
11915,583,5802,249877,15773,
1334288,5091,315799,43324,796,532541,78224,
460446,7807,707,60618,
23917,4339,332,42308,181384,
114293,87200,4774,2910,374066,15137,602145,
85371,3712,558548,66885,
1597309,8717,2837,313,20645,108243,58933,13190,5753,
312523,
1936531,4349,3146,1493,400245,7161,
7030,1767,1366,364860,66979,
1846,98777,21052,4953,1908455,
235,91764,
410656,1692,876382,953,23872,11794,47202,25158,285,
9693,47,876477,613,
10797,6734,202838,24101,1116604,703363,29254,
30437,1742,788214,24523,
121722,974,1748,240,
826733,
329818,
10514,523,36578,1743813,
327257,57,9961,274892,172835,16745,370551,3841,
6016,891215,
99372,3310,151367,147265,619211,

5063501,34909,1361125,1819,5080,13236,9203,1072,
380214,2070,5749101,604855,
30265,24266,22648,45472,5329,506195,24398,
1266,535264,
5605,44287,1777,605960,13235,70067,12756,6628,
3620,9998,779228,
27556,281704,490307,222936,
37109,124,691273,
1102612,741,1462,14258,
1274,460534,
210,14637,121128,
207909,109660,510685,879,77453,
1162,988,791200,
9688,11274,20089,12490,
154125,15629,10998682,23861,179957,
1583,639,74969,
111512,260,325010,
3895,869,106513,3063,135843,
2729372,266,156,8590,
4960,394,6230,7173329,55193,
2414,527,2774,70312,477507,
148787,8262,6412,1001860,
11167,5021,159061,14295,
9456,527580,4132940,
1343,7846,510161,
7578,1918,1365830,4587,
1601,7906,472297,39225,
306947,2508,3302617,4526,483565,8105,162917,11313,
19247,674,518962,1224,
184628,5212,38,
7825,166,65,609517,80980,
460418,126979,196578,520624,1516,15982,
68401,9967,47633,1254,
1586192,1986,
2573,5164,32681,592312,
3687,1180943,25,57005,14981,2437,
2518535,
6448342,3441,73646,50684,11755,12017,125592,104609,78740,331073,
5082,731902,2565,
4730,3457,9779,65267,328842,
1235044,4451,769,
2413,91,673348,1449,10466,
1167516,6295,
692752,122658,822,5682,521042,21591,
115,22596,257840,
100,145169,42724,19828,
854,763009,
64841,
941,61328,
27021,74,775,58249,
439344,
205127,
402,237202,
112320,44420,10494,7932,1281254,1477594,6050,569,28018,
396382,1203815,13011,3512,4326,
63836,331,160238,2555295,4005,589,388,
2952,2349,52507,1383,523234,
4600,196,351058,
2493999,22372,879633,32002,3384,9,17058,7654,4242,8872,4171,1686,
1673670,6147,1990,27266,19185,43030,
310912,423,352,847,
291515,12629,3460,56788,1079,
1318,6401,22388,330587,
828860,11222,12353,149105,363206,731930,290594,
455466,505623,
18644,15424,2144511,
48294,7612,995,462037,
1326275,16433,2436,970408,483,21743,807178,
53549,454807,
392058,
15,916520,14,52,
616332,20177,18990,40731,538,35622,3018,1311,29211,2377,433,7121,
5423,69398,5030,2519,191,4746,354194,
5501,2108384,3712,9635,2681,146921,
431861,
1706964,
1650,1068,552,951,26,118682,3683,1895286,
18994,11959,999885,607,200738,
564,
27941,4674,41682,5081,64050,
965,688528,
191,197488,1011,
133549,24188,1917,1628,808120,218462,19821,521956,
630,788,324149,5086,
912,1493,631995,289873,
33036,29964,26661,31,911378,
729147,151,
2892,486983,46325,
17243,3678,745,775931,305329,23889,
1897357,171751,27940,25346,2730164,4311,18575,
3626014,58946,165423,
1160,301745,
680,114249,
3609,354808,37461,
2086461,589518,
12495,6776,4446430,24888,1484901,57904,1063994,15798,
825,223214,
94042,7814,370855,
340698,
34664,6888,77289,444830,
1178166,2974,
2786,1830,1842,1514,1009644,
386449,51558,447,10348,
656748,139,1568,
1379,685585,2363,
21465,496477,
12365,727526,17459,
276280,1054,347,54034,1873083,
1865,744572,214,722697,
4226,1120144,
16,533,247,488468,5831,
1080,282870,475,359029,161705,604322,
6508,1084024,6292,
2200,1452,1115452,
1101102,602,2215,2208,
303330,606,1467097,621844,165,101251,48894,
1761095,3582,104549,3919,
4855,2160,1322,178,243997,7150,478755,7820,
2582456,18081,11411,
587,621541,295729,1539,2420,
27441,265963,
1775139,16670,981,270716,35279,9125,
105252,260049,300875,1250,351381,65045,
44251,14503,2791,702187,71716,462091,
7408,1244,76419,1502372,76528,26638,26221,
1159,459738,106141,
31671,25110,599167,
18,1586,404,438546,
36569,926,634722,498,
1107651,7011,
44,42,71225,39334,
22838,278311,
158923,182833,154539,636570,
343278,16097,54,2894,252589,992394,112080,2536,11289,1230,2553812,
5974,104967,65248,5682,243902,359816,94649,5885252,
1626470,49893,381916,1685,4396,6898,5224,
38316,35799,215182,1154352,
3310383,41525,392,19099,2575,17653,11571,5199,
3023016,48745,1065647,19629,723,
290810,2939,739059,51493,
1179866,2861,147735,4147,7109111,52969,155,44871,
347590,6424,3570366,2656,1622,24560,15480,2853,9510,80533,
4739820,1547656,127914,773,469,13066,16882,35778,1655,9726,881,73052,19442,
475,11513330,6067571,98423,552,37547,24236,775,8518,1261,1774,15463,1838,2334,144430,
175162,1008473,
5482,891688,1499,6874,12004,162352,
19973,68747,37538,6996,7050,5379,1548855,701357,12149,1573,36902,
48428,9957,2820458,6838,165303,30231,12193,
19351,11585786,208488,1225,38020,31090,2501,15828,21255,13291,10696,1909,2098,5345,82423,
1206541,
245302,11854,821,730071,5598,3375,36493,817,69211,646655,504,351565,3741,5797060,
6798,101,48270,34766,441813,
57758,2219,97142,1421354,394879,
75840,486,274964,101939,412,716033,
644431,
27100,149,16887,39126,349490,
46047,116210,1096,18624,981,146892,41764,1471523,11685,7224,
823447,39198,13711,10021,2805,16721,1303,1264,9449,13217,116,
13897,1072,536244,15194,47425,938074,72083,
22931201,189048,1484796,18033,29996,227,69689,68596,203,2596372,598289,188162,1890068,45078,368749,15566,77252,3737,1682760,8046,40824,2059411,24539,158255,7573,12072,
1776,524,3034,1035,590639,
1700736,8515,135,
1047,15610,5826,2345476,8186,449016,59470,
165076,47806,1666049,608,144,
1577172,88950,1953,229053,42211,41157,563,
2044,946663,5402,53531,
13849,110708,5057,7304832,9685,3964083,1009,96748,54355,23463,533710,18522,3336,19243,636,7668,11909,
15784,1146,1238276,3329,6256,10356,
33685,800,103503,1477,6428672,
58019,54430,112,1637307,
2786,32992,1842,1954,2005191,
2387040,2528,
455792,
287,425777,
14793,215339,171616,139739,2676930,240993,1645,20082,
82071,546,672,6561,299328,
54697,280,196710,105353,2834271,4154,1420,
307631,1152670,4945782,289211,783,
344349,18113,617592,3039159,1157,
49933,580,24025,146031,427021,
2829687,3098,440,179,49593,36639,
8116592,208105,73203,1078,10894,13143,52094,19766,85621,837,
1432893,4338,491058,5791,
939,1902694,457627,178,5299,249128,11147,
283,394,453995,
78978,1875,7772605,5737,1937,340176,1893,
83395,75630,10054618,5738,150577,20069518,49465,69929,20021,5758,14018,12579,6480,13119,2252,19564,33976,
603,222,46,918873,2225,
15552,14015,1201719,232615,
35492,13483,
4123,2211592,
132130,6732,4118,1507014,
842328,
55,47691,163,849480,16,
6618633,11565,4347,5919,
1208,610,4626,944,396,1394,18816,
1620256,32396,61719,2880,37114,
345576,203,212325,688149,234294,3877814,
310917,42941,1220189,10907,37026,8266,159076,13166,47403,33962,3942,755,969,99,182,5219,112986,
73806,498773,3568,809927,9237491,116187,2275,
66952,252944,10910,3589919,80272,423680,71280,103020,28637,1375,4152,30869,12597,8415,86085,1095,103987,20950,
1187254,4245,1613,3048,649,668,21204,
305,
50840,1463278,4174,
139175,15310,1515141,31646,417440,
55115,840,30596,377152,708464,68733,
269992,1644,156227,334523,31903,214033,16164,175205,6322,5337,25559076,195725,
295850,1548,415429,656267,9941,1541195,7923,2698665,
7736,4881,1078,6073,12417,1733,1503499,
2606,14222,524152,
3509998,141934,230771,1681186,52550,203173,1047,68669,190055,54560,1614,62801,
531232,193187,30551,133,674072,6437482,642798,42245,2687,161,
275433,950965,143772,230,
3647,1109,1344571,
34401,172541,84,25434037,104437,29934,21800,3225,120215,351845,6785666,545017,770,24755,4335,761,
540706,329,120,2774429,
70235,9433,28249,3607617,
470,5667,3065062,
3655356,46883,2325,152414,2740,23901,1019551,489,69163,226989,166,12505,80587,114614,8133,38763927,42367,206471,1738976,9043,360104,95524,64883,191202,56,19,5954,91,2959,15664,
37537,18055,158640,612513,
5903725,116921,15392,12869,10450,176846,1150,1149309,8996,
361,23412,13380,469479,3396,
215083,11748,254,3644513,34483,42824,3219,45736,442333,100340,
265818,2327,386,15396,4342,2718,834,
82,626140,
3153168,67071,4412429,2453339,4032,
5046,2986,2200428,7877,916,
9493,4785,33427,1223746,
2233399,149040,950085,8433,
55312,100535,169128,363586,
3436141,17412,1617404,
324173,11701,1226935,510560,19408,1179,3155960,
37251,9501,42046,29412,3881302,19381,788176,10447,647146,1012,5069,35580,
15995,3188,7595,499,488513,
16762,7033,316,2616704,
621629,9262,504,82791,3439,875,724,10656,6897,3753,3222,
90154,1742,192232,208685,963,747,939635,
1907969,313,112,18530,24023,10698,1297,104,230,14102,1814,2147,1046103,563,17956,
3130,96908,4530,1058,221357,4106,106979,217084,
610,556,82060,805,573,1167036,
4106524,2494,1560,3135,
1203397,
135385,2681,224826,6914370,80718,259,
221085,1524872,1391,3195496,322697,84985,306769,80227,22437,650,1551,311,1559,3414,7917,
4253326,25049,8364,199,39,716,134080,1909,9311,1366,
1775153,43615,6920,14161,177250,387,39012,9772,34154,
3324008,4992,1379,87871,38996,14848,4439,3567,401,4513,
103479,2596347,127767,
980355,3508,963180,3653627,126964,1320,3506,1333,
