2616
186
893
694
324
114
209
3009
2319
1670
1313
206
1603
1313
1371
2053
1941
358
181
1755
835
404
522
2175
3009
2800
217
1941
1755
1941
1313
2053
1941
1037
948
2463
729
1603
40
131
507
1528
2463
1603
2319
2616
110
2175
1464
2319
1421
176
2053
658
751
2800
2319
2463
3009
2616
2175
2800
3009
3009
2616
2616
2800
2175
1421
2616
1941
2616
3009
2800
2463
1267
3009
2319
1755
2319
710
3009
2053
534
914
1841
2463
948
2616
1037
2319
1941
2463
1464
2616
2319
1755
2800
948
630
1371
3009
1528
2463
2463
2463
2800
1941
2053
1941
1941
2800
751
1841
1267
1528
2319
1267
2175
1603
1670
1464
729
778
2319
2319
1037
1464
2053
861
1603
1941
2800
1371
1037
404
2463
214
3009
179
673
248
2319
2616
110
1012
2800
1941
1528
2319
778
814
3009
1313
1528
2800
2175
337
3009
2053
2319
1528
2319
2800
271
2616
1841
2053
2053
1755
3009
2800
1755
861
778
2800
534
1313
1528
3009
2053
1167
2800
80
1528
3009
309
491
914
3009
3009
556
1216
2616
729
1167
2053
1528
3009
1012
2800
1167
1037
1603
2800
1670
2463
2175
2175
1267
3009
3009
1464
1941
2319
393
1841
1313
618
2463
1941
694
1089
1603
2616
1528
1941
2800
1528
2175
948
136
1841
2319
2800
2175
1127
2800
393
2616
2463
2616
948
2800
17
1670
2800
3009
2800
778
2175
1841
914
2053
2463
485
2053
3009
1941
983
1037
1755
1167
2800
2800
2053
2463
3009
835
2800
2053
1670
62
1841
2463
1216
2616
426
1313
694
751
2053
1941
556
2800
1670
2800
2616
1464
320
1313
1371
586
2616
2175
673
861
1841
1127
2319
1421
3009
1089
1670
1603
2463
2616
1755
2319
1841
1528
1216
3009
71
658
948
1089
2463
2616
1755
2616
1216
2175
534
1127
254
1089
1670
225
1670
2616
778
2175
2800
751
3009
2463
1941
729
1941
1941
2175
2463
3009
1464
2319
3009
1941
2616
1464
2463
2800
2053
1313
1371
2616
2616
1216
1464
2800
1464
2800
2616
586
983
835
1941
1603
1941
2175
2800
1941
2616
1167
2463
1841
2319
1065
2319
1841
2463
2800
1167
1841
2175
2616
2800
1267
1167
1464
1167
1421
1841
1941
2616
1167
3009
2053
2053
658
1216
1941
556
1670
2053
948
286
1755
2616
2800
2463
2463
861
522
2319
2800
1065
485
156
1603
2616
476
1941
1841
2463
2175
1127
1941
586
2319
2053
2616
1216
1603
2463
1670
337
2175
264
2463
2800
2800
2175
416
2053
3009
1464
1167
2800
1603
2616
1421
2800
1841
3009
1216
2800
2319
2463
2319
3009
861
2053
1755
2319
580
1267
2800
1065
1841
2053
2463
1267
2175
2800
2175
3009
2175
337
1670
1421
1941
1267
1089
1528
658
3009
694
1755
1216
1528
914
1089
1421
1528
1371
1603
1371
3009
1037
236
1603
2175
3009
1841
53
710
3009
568
2175
1528
1755
586
1313
1267
3009
2463
2616
1755
2616
914
2616
2319
2319
1313
1528
1464
3009
546
751
893
1841
586
861
3009
298
2616
1941
2800
2800
1216
2463
2616
1012
1464
3009
2800
1841
2463
1464
914
305
1670
2616
1127
2053
2053
393
1670
2616
507
2800
56
3009
3009
2616
3009
3009
2319
1528
1127
1841
1755
2463
2800
2800
2053
2175
2319
1755
1012
2616
2053
3009
2800
580
376
1528
3009
2319
1127
2616
289
3009
386
2616
2175
1941
2800
580
1167
2463
2616
2800
49
1037
1065
261
248
914
2463
1941
2463
2319
546
1216
1464
983
3009
861
1216
3009
2053
3009
1464
1755
2616
3009
2463
3009
835
305
2319
3009
1941
2463
1528
1528
2463
2319
1841
2053
914
1941
835
673
1464
643
1464
1755
264
751
2800
814
448
1528
914
2616
1421
1603
1528
2319
2175
2800
2800
2616
2616
2175
3009
3009
2053
1841
2800
1371
2616
2175
2175
914
196
1941
948
3009
751
2463
1127
1755
2053
606
1313
1012
1216
2800
1841
132
2463
1841
2463
2175
3009
673
2053
861
2175
2175
2175
2800
2319
2175
1371
751
2616
1127
948
586
1841
2800
3009
3009
673
2800
1216
1464
2053
1167
1755
1167
309
2463
3009
1167
814
2175
2463
2175
556
2800
1127
2319
2319
1670
3009
3009
448
2175
814
2319
948
134
1216
983
1841
2175
2319
2053
1065
1421
861
3009
2800
2800
3009
1167
476
2800
1313
914
673
2175
3009
2175
2319
2800
1941
2616
1941
2319
586
546
1841
2175
2616
2616
1371
426
1670
1941
522
1755
658
2175
1841
710
893
2175
1755
3009
2800
2053
1670
1670
2800
386
1127
3009
1841
1670
2616
1089
3009
1603
2800
2319
1267
710
694
1670
1371
556
2800
143
1941
983
814
65
1670
1603
1528
835
1012
1755
710
1216
2800
1313
673
243
568
1941
2463
2800
2175
948
2463
2175
485
1127
1089
2053
3009
404
568
507
1941
1670
861
1167
2463
658
2616
305
751
3009
3009
1941
2053
2616
2175
2319
2053
2463
2800
2463
2319
2319
2053
2800
1755
2616
1941
2616
3009
3009
2800
2319
1216
2319
1755
2463
3009
1421
778
2319
2463
983
2800
2175
1941
1841
1464
1841
2616
914
1037
2463
1127
309
2175
2463
346
1941
2800
1464
1941
1464
376
2463
3009
2053
3009
2175
1371
1841
2800
1216
1941
1371
3009
751
1216
2800
1670
778
1941
476
1421
2175
1464
2053
2053
835
2616
729
1127
2175
1313
835
3009
835
3009
1464
365
1670
191
351
2800
309
1603
1216
441
2463
2053
2175
2616
2616
2053
491
2053
1603
1528
236
3009
1464
1464
658
2463
1216
6
1012
2800
51
3009
1089
1127
1941
1941
2463
2319
1371
3009
1603
673
778
2800
606
1941
2463
2319
2463
1670
3009
914
2463
1528
3009
534
1841
1464
1421
1755
2616
2053
778
32
983
1464
1464
2616
2175
2800
2463
751
491
1528
546
2175
1670
778
751
2319
1371
2463
2175
1216
2800
2319
1841
2800
2175
2800
1528
1528
2800
2463
778
2800
1464
1216
778
298
835
1267
1464
1167
2053
2800
2053
1421
2800
2616
2319
1421
1670
1371
1941
1841
2175
2800
1670
2319
2800
9
2463
1127
1670
476
893
1755
948
1670
1089
1528
1065
2175
2319
1371
106
54
1941
1216
1755
507
2463
2800
2175
2463
2319
3009
3009
1313
1267
217
1670
1216
2053
1127
2616
1941
2319
1603
404
2463
1464
1167
289
630
1603
1841
2319
1216
1670
1941
2800
814
2616
1216
630
522
337
2463
522
914
1670
835
189
1216
1267
448
1841
2800
948
2616
2463
1841
2175
351
2800
2319
2616
643
2800
2800
643
1603
1841
1267
778
2175
1089
1603
673
2053
3009
351
2053
462
2319
751
1089
2319
2616
3009
1841
778
1065
1841
2800
1603
1528
1012
2616
2616
2463
1755
2175
1089
3009
1755
93
2616
1528
1841
1065
3009
694
2319
1037
1313
2616
2053
2175
2175
2319
1941
2463
3009
2175
2800
2319
546
1089
983
2319
271
1603
1037
1841
2463
2800
2053
3009
1528
289
248
416
3009
462
26
309
1941
606
2616
983
3009
1065
1127
893
2800
1216
271
1421
3009
2463
1941
1528
1528
618
1670
522
2616
729
1841
2800
2053
1267
568
2175
694
68
1267
426
2319
1167
2800
3009
1670
1089
2175
1841
2053
267
1167
1037
1603
1371
2800
1464
1941
2800
217
3009
1464
1941
630
1670
3009
893
2616
1267
1528
28
1528
1528
1841
3009
751
3009
386
1216
1313
2616
491
485
2800
1464
2800
2616
2616
3009
324
2800
1313
3009
1421
1464
1421
751
618
778
2616
1841
441
2800
46
3009
1603
778
1216
948
2053
1421
618
861
2175
1755
2463
2616
814
2616
2463
2319
2800
2175
2175
2463
1603
110
2800
2053
1670
1371
580
2175
1464
3009
2319
2319
606
2463
1528
2319
1167
2053
2319
1528
1528
1841
948
2053
1755
214
2463
835
2800
2463
2800
2616
2053
948
2800
289
2175
1941
3009
1941
3009
458
1167
2616
1603
983
1313
2053
2319
948
491
2053
1464
3009
1464
1421
2616
2463
2616
3009
983
3009
2319
1841
24
1603
1841
2319
1528
1755
1528
2319
983
1755
1267
914
3009
289
1755
186
2463
1941
814
2319
2616
2463
2800
2616
2800
1089
1670
2319
1755
814
618
673
2175
365
1603
2616
2053
2800
2319
1371
1528
1841
2463
1755
1670
1841
751
167
2175
358
1421
1167
1670
673
176
1421
778
2319
729
983
2800
1841
113
814
1841
2800
2800
1421
1371
2800
1528
2319
2175
861
1755
522
778
2616
2319
1421
2319
2319
2175
1841
1841
1127
3009
320
2463
1464
586
835
1603
2616
2800
2053
2616
1037
1216
835
1421
2800
1167
1841
1421
2800
606
1127
710
2463
2053
2616
1421
507
1941
3009
1528
1941
1528
2463
983
1012
1267
1089
2463
95
1941
2616
1167
1670
3009
383
3009
710
2463
1941
1670
1127
248
3009
2463
751
948
2616
1841
2319
2463
2800
1941
3009
210
2800
232
2463
1841
1755
643
2800
1267
914
3009
426
1267
3009
534
2616
2800
568
2616
2175
2616
1528
1528
426
1755
1603
2175
2463
2053
2319
2175
1755
2616
1755
2319
1670
198
1421
2319
1841
1216
694
2463
606
2800
2463
329
1371
1755
2175
2800
1841
33
2800
1012
3009
225
1841
3009
2053
1267
462
2616
225
2616
778
2463
814
1127
3009
278
1670
2616
2175
1089
2800
1670
2616
2463
2800
1421
1037
2616
1941
673
3009
2463
2053
283
1841
1755
948
3009
2800
2800
1371
1670
1603
1313
2463
2319
11
2463
710
1841
309
1167
57
2800
1755
2800
2800
2175
1841
329
2800
2616
1216
1841
404
2319
1313
2175
3009
2800
2319
1216
3009
2463
2319
2053
1603
893
1941
914
1089
1941
2616
1841
1037
1371
309
1313
1371
1941
1670
2616
271
3009
2616
861
2463
3009
983
710
2616
2463
2053
2800
320
3009
404
1755
2319
1755
2463
1670
658
2175
2800
346
2463
1313
3009
3009
948
2463
2053
1528
1167
2175
1755
1089
1603
2053
404
2463
1267
2319
2616
2800
861
1012
2463
2616
1603
3009
2616
2463
3009
1755
2616
2616
3009
1603
3009
522
893
2053
1670
3009
694
1065
2053
606
271
606
1941
893
1267
2800
729
2053
2053
1371
1167
2319
1421
2616
1421
1670
1603
2616
2319
156
2800
1167
2053
948
1841
383
1941
1012
2319
948
948
2319
2175
3009
1603
1313
1267
694
2175
1464
3009
2175
710
2053
35
126
393
751
2319
586
2053
2616
2463
3009
2616
2616
2616
2463
1941
1841
329
1755
3009
2616
1941
1065
3009
1313
658
393
1464
2463
2616
1421
1127
119
2800
2175
2053
3009
2175
1755
2053
1528
1012
3009
416
1841
2053
1313
1755
2053
2053
283
2175
2800
2175
1941
3009
643
729
491
3009
2463
914
751
2053
2616
2175
546
329
416
351
861
2175
1313
1755
1313
2616
751
914
1127
2175
358
2319
2800
305
1371
1216
1267
2319
546
2616
404
1313
2053
365
2175
2800
2616
778
1037
1313
1216
1216
2319
346
814
2616
448
183
1670
1670
2463
1603
2175
2616
1841
2616
2319
778
214
1841
2616
1421
2616
1421
2319
814
3009
2053
643
3009
914
462
673
1603
1464
1941
1528
2319
1755
1755
2463
2800
729
1670
2463
2800
1841
534
1528
2616
1941
3009
309
2463
710
861
1371
2616
2319
3009
1755
2053
914
1941
1755
3009
1528
643
1065
1670
3009
1603
1037
1089
522
485
365
893
1371
3009
3009
1603
2175
1421
1371
1941
1603
2463
1012
2463
393
2053
2053
2053
1127
91
778
386
2319
630
3009
861
861
2800
893
1755
1755
2463
1267
2800
254
1037
948
983
1127
1313
1841
1089
507
3009
2800
298
507
606
2175
2800
3009
2800
267
983
1755
2175
507
1941
2053
2319
778
136
3009
1941
2800
1841
1313
441
2463
1089
546
3009
1670
861
3009
893
2800
1012
3009
2463
2053
3009
835
2800
1755
2175
2319
3009
1267
2800
2463
814
2175
196
1670
1127
1941
948
1421
416
2319
1065
893
1037
2800
476
365
861
983
167
1941
1841
2800
729
271
3009
2319
2463
1089
1313
1528
2616
2800
1841
1841
3009
3009
1755
2616
618
1313
2319
1167
2175
729
861
1127
778
1313
2175
1167
1037
2053
814
1037
948
2175
1371
2053
1755
2319
861
914
835
1089
1528
1670
568
2053
491
2319
134
1670
2175
2319
2175
1216
2175
1167
1755
491
436
329
778
983
1464
2175
1841
1267
507
2319
1313
729
2800
261
2319
3009
2800
2319
2616
2463
225
1603
1089
778
673
2800
729
2053
2463
1371
3009
1421
2463
1841
1313
1313
1528
1528
1755
2800
2800
814
948
507
1012
27
580
2175
2175
2463
3009
171
3009
1941
2800
1603
2175
729
2800
1464
2800
462
2053
176
393
893
3009
2616
1167
2800
2053
2319
1670
1167
1755
1841
119
3009
1941
2319
3009
2616
2616
54
2616
3009
2800
1670
914
2463
556
2616
2175
198
346
2463
1603
1941
1670
2319
2463
1670
1089
183
2800
1670
3009
1670
1941
2053
3009
1755
1167
2800
2463
1464
1012
1841
3009
2616
2175
893
2463
983
1371
3009
1603
630
1167
2800
1841
2463
3009
2616
426
3009
2616
778
3009
1371
2616
2053
2053
140
861
1670
1313
426
1941
1841
1371
1216
2800
2463
2800
1371
2616
1313
1037
2175
729
2800
1065
1267
114
2616
1313
1065
1267
2319
2175
298
2175
2800
2053
1755
2800
1267
236
1941
694
191
1313
358
376
1670
2053
1313
1670
1528
2175
2319
1941
1127
983
2053
1216
1421
1603
3009
1216
2053
3009
1371
217
1670
1267
309
568
1670
1127
3009
556
1755
1371
2616
2800
3009
2616
1755
1670
1065
1941
673
386
2800
586
2319
2463
694
1841
2616
236
1267
1755
2616
476
1267
1528
2463
2319
2463
1012
1267
534
2616
893
1216
2053
2053
2319
2053
1670
1841
1941
2616
2463
2319
2175
376
1603
2319
1012
1421
1528
1670
1528
1755
1941
1603
2800
1755
2616
618
476
835
861
1528
914
2053
1841
1755
2616
2175
586
914
1841
2053
814
1841
3009
1216
546
948
462
893
1464
2800
2175
2319
337
507
751
2319
3009
1371
1755
1670
3009
1841
1127
2616
1371
1313
1267
1670
893
1127
2616
1167
1421
1167
1089
2616
1755
2800
2800
441
491
983
436
1037
586
1216
1603
1603
16
1267
630
2175
160
1371
2616
1464
149
710
2463
630
98
618
1216
2616
2800
2053
416
152
914
2616
1670
2175
2800
814
1464
1313
1267
1216
1313
2616
51
2616
568
522
309
491
358
1267
38
948
79
2616
298
658
2463
217
71
3009
1464
1012
586
710
2053
132
2800
2175
2319
546
491
1012
814
658
383
1841
729
88
643
1167
2175
1603
2319
1089
491
1089
1089
278
1464
181
1670
1371
198
476
1755
1603
42
416
1167
861
2175
2616
914
45
3009
643
126
568
1421
462
835
2319
694
1371
694
1127
210
1603
289
2175
66
1941
14
485
586
694
225
140
729
1941
2800
2319
171
1464
778
1065
351
983
59
2616
68
2463
1941
1089
1313
3009
2616
102
2616
289
1528
1216
2463
60
1
2053
2616
462
42
206
2175
2053
1313
23
365
1313
1941
243
2175
1371
376
729
1464
78
1941
337
491
1267
3009
534
673
324
491
1012
1528
8
914
37
2175
751
365
556
1065
1528
1670
82
126
1941
2463
2053
99
3009
2319
458
658
1421
18
2616
507
2463
217
2616
861
893
2800
448
1941
289
2616
491
914
20
2175
2463
1603
2800
778
1941
2053
556
2463
1755
84
2616
2319
1464
3009
2616
436
3009
441
365
458
337
1941
462
1167
983
1089
1089
346
2800
1065
210
2175
267
386
160
914
1313
62
2616
25
1941
1313
1267
694
386
1167
204
39
254
101
1065
948
50
254
146
1313
324
861
1755
814
89
729
3009
254
673
1464
1841
210
95
710
1089
2463
74
152
1065
3009
114
1603
329
556
710
2800
522
710
606
1371
1464
426
298
320
2175
673
1755
12
167
73
861
1012
1167
448
1089
3009
586
1267
243
254
778
462
1941
70
778
618
329
2175
1313
1037
1755
365
191
2319
376
393
1603
729
586
2800
710
630
1216
261
534
1167
1670
1941
236
1127
85
1755
1755
1670
173
124
416
329
643
861
143
2319
534
206
914
835
1421
1065
586
1371
1603
2
1012
1528
556
1670
448
507
1464
3009
1941
643
1313
2800
835
861
267
448
1941
278
19
1603
983
1841
2319
248
1267
165
146
2319
2800
1841
165
948
643
1464
2800
1755
2053
140
1167
1670
2463
100
93
1941
191
286
1127
225
114
1127
568
1464
324
1089
914
606
1421
416
138
778
914
365
507
404
2800
42
893
983
618
404
2463
152
129
2175
191
3009
1670
31
278
278
436
2053
179
1464
21
778
151
1127
108
3009
556
1841
522
2800
1371
2800
983
1755
534
351
2053
145
983
1755
173
358
149
1167
751
7
2800
309
217
658
778
232
835
217
1603
77
404
710
1464
476
1464
751
160
1037
1528
160
861
948
198
61
3009
658
1941
243
1216
393
2175
1267
1313
1167
2175
2616
1371
3009
1089
1313
2616
1603
914
751
2319
814
236
426
1127
189
1037
2800
1065
1670
710
173
1012
778
1065
861
441
286
83
2616
102
2800
2800
586
2319
630
283
1670
729
2616
232
1528
630
2175
2463
2175
106
1037
2319
225
159
568
586
183
248
751
1941
119
643
491
1371
673
618
462
1528
29
3009
1464
983
271
2800
1670
507
568
462
1841
673
167
436
1528
74
41
198
416
2053
232
160
102
618
458
4
462
1313
236
1528
2175
948
1127
3009
87
1603
426
138
95
948
643
146
1528
448
2463
1941
125
3009
30
893
3
264
393
337
1216
2463
1841
108
13
2616
14
186
1528
1167
198
48
3009
835
2616
393
448
586
835
89
35
630
751
630
441
2616
1603
337
1127
1037
85
1167
778
156
580
1267
404
10
74
67
2175
58
119
643
3009
62
5
2800
102
1528
298
114
835
129
358
119
254
1841
1841
606
376
365
658
46
22
289
2175
1841
152
835
673
351
948
92
1371
534
81
462
243
34
835
0
204
