490
1198
1528
1528
1528
1528
1198
996
75
720
1528
139
174
165
136
2082
1528
157
1528
2082
1528
1198
1198
1528
996
2082
113
1528
2082
996
1198
1528
996
1198
2082
640
2082
2082
2082
2082
570
2082
206
1198
1528
1528
453
411
1198
1528
2082
2082
2082
996
996
1528
107
2082
2082
2082
1528
2082
113
2082
1528
1528
2082
1528
2082
42
1528
2082
1198
1198
2082
1198
2082
453
720
1528
2
2082
2082
1198
1528
1198
1198
839
720
1528
2082
1528
2082
2082
2082
2082
2082
2082
996
4
1528
2082
107
1528
2082
1528
2082
996
3
1528
2082
2082
996
1198
1528
1528
1198
2082
1198
490
720
2082
1528
2082
1528
2082
640
1198
1528
1528
839
1198
640
2082
1528
2082
2082
42
2082
2082
1528
2082
996
1528
2082
2082
1198
1528
2082
1528
2082
1528
2082
1528
301
342
2082
1198
2082
2082
2082
996
2082
2082
2082
2082
100
1198
2082
2082
2082
1528
2082
2082
570
2082
2082
1528
157
1528
1528
2082
1528
996
2082
2082
2082
839
2082
2082
2082
1528
720
2082
2082
2082
1528
839
1528
1528
2082
720
1528
720
2082
720
1198
1198
2082
2082
2082
996
2082
2082
1528
2082
839
2082
2082
1198
2082
2082
2082
1528
1528
2082
2082
2082
2082
2082
301
2082
1528
2082
1528
720
2082
2082
1198
2082
1528
996
2082
1528
1528
1528
2082
2082
2082
1528
1198
2082
2082
2082
2082
2082
2082
2082
2082
1528
996
1198
1528
2082
2082
2082
2082
1198
720
2082
2082
1198
1528
490
1528
1528
271
2082
1528
1198
2082
2082
2082
1198
1528
2082
42
2082
0
720
490
996
996
2082
2082
2082
2082
1198
1528
2082
570
1528
2082
2082
2082
1528
570
2082
2082
1528
839
2082
2082
1528
1528
1528
2082
1528
342
1528
2082
2082
86
2082
1198
2082
2082
2082
2082
2082
1528
839
2082
1528
1528
1528
2082
720
1198
2082
2082
490
1528
2082
996
2082
2082
2082
2082
2082
2082
2082
2082
100
143
2082
2082
1198
2082
2082
1528
1198
2082
570
1528
720
2082
1528
1528
2082
839
1198
1528
2082
2082
996
2082
2082
2082
720
1528
1528
1528
1198
1198
1528
1198
2082
1198
1198
2082
1528
2082
143
143
143
143
2082
2082
1528
996
839
996
157
1198
720
490
1528
2082
1528
2082
1198
640
1528
2082
2082
1198
2082
2082
1528
1198
996
2082
1528
2082
2082
2082
1198
996
2082
1528
2082
839
271
2082
1198
839
2082
2082
1528
2082
2082
2082
2082
2082
2082
283
839
2082
2082
839
1528
1198
996
2082
1528
1198
1198
839
2082
2082
2082
2082
1528
1528
996
1528
2082
1528
342
1528
2082
2082
1528
1198
1528
1528
2082
1198
1198
1198
2082
1198
1198
1528
2082
2082
1528
342
1528
411
2082
1528
1198
2082
2082
996
2082
640
1528
839
2082
996
2082
301
2082
83
2082
2082
2082
1528
2082
1528
1198
839
2082
97
2082
1528
2082
2082
2082
640
640
2082
1198
453
1528
1528
1198
383
996
2082
2082
2082
2082
1528
1528
996
2082
720
2082
570
490
283
2082
1198
720
839
2082
1528
839
2082
1528
2082
2082
1528
2082
2082
1198
839
1528
1528
1198
839
839
839
839
839
2082
139
1528
2082
2082
2082
1528
2082
2082
2082
2082
2082
1198
1528
570
1198
1528
1528
2082
1528
2082
1198
1528
1528
1528
720
2082
2082
252
1528
1528
2082
2082
383
143
2082
1528
1198
996
996
2082
143
2082
1198
2082
383
640
2082
2082
2082
2082
570
143
839
2082
2082
1528
2082
1198
22
143
2082
2082
1528
2082
640
2082
2082
996
2082
1528
383
1528
2082
174
2082
1528
2082
2082
996
316
996
411
2082
996
1528
2082
2082
1528
1528
1198
453
2082
1528
2082
1198
2082
316
2082
839
383
383
2082
2082
2082
1198
2082
2082
2082
1528
720
252
2082
1528
1528
2082
2082
2082
2082
1528
490
2082
1528
490
640
2082
2082
2082
996
1198
1528
342
1528
411
1198
1528
1528
2082
134
1198
720
1528
839
1528
839
839
2082
2082
2082
2082
2082
2082
996
839
2082
301
2082
2082
2082
640
2082
2082
342
2082
1528
2082
2082
1198
1198
1528
2082
42
2082
1528
41
1198
1198
2082
1198
1198
2082
839
2082
2082
2082
996
107
2082
839
570
2082
839
316
2082
2082
996
1528
1528
2082
2082
640
1528
1198
2082
2082
720
1528
2082
996
996
839
2082
2082
2082
996
2082
2082
1198
839
1198
839
2082
1528
52
2082
2082
2082
1528
996
996
2082
996
839
996
1528
2082
1528
839
1528
2082
2082
2082
2082
411
640
640
640
640
570
2082
1198
2082
2082
996
640
143
1528
1528
1198
720
2082
1528
1198
996
214
2082
2082
640
1198
2082
2082
1528
2082
1528
2082
1528
2082
640
2082
2082
1198
1528
2082
2082
1528
720
839
2082
1528
1528
1528
1528
1528
1528
1198
1198
1198
1528
1198
996
1528
1528
1198
1528
1528
1528
1198
1198
1528
1198
1528
1528
1528
1528
1528
1198
2082
2082
2082
453
2082
0
2082
2082
2082
2082
996
2082
2082
1528
2082
1198
839
1528
2082
1528
1198
1528
1528
49
49
1198
1528
1528
2082
996
2082
2082
720
2082
2082
2082
2082
2082
490
2082
2082
2082
1528
1198
2082
720
2082
2082
1198
2082
996
2082
1528
1528
1198
1198
1198
996
1528
2082
996
640
1528
2082
1198
1528
2082
839
1528
2082
2082
2082
2082
1528
1198
1198
2082
2082
570
2082
996
1528
1528
2082
720
2082
2082
1198
640
2082
2082
1528
2082
2082
839
1528
1528
1198
1528
2082
2082
1528
2082
1528
383
2082
1528
2082
2082
996
2082
2082
2082
252
143
570
2082
640
2082
342
2082
2082
996
2082
2082
2082
1198
996
720
214
1198
32
2082
116
2082
2082
383
214
1528
107
2082
720
453
720
2082
1528
1528
720
2082
1528
174
174
174
174
1528
2082
1528
453
2082
2082
839
1198
2082
2082
2082
2082
720
2082
2082
1528
252
2082
228
2082
2082
2082
1528
2082
1198
839
640
570
2082
2082
1198
996
839
1528
2082
100
2082
839
2082
2082
2082
839
839
2082
2082
2082
1528
1198
1528
2082
2082
2082
2082
839
839
1198
996
996
2082
1198
996
1528
143
2082
996
271
1528
2082
236
2082
1198
570
2082
839
2082
1528
2082
2082
2082
1528
640
383
1528
1528
2082
1528
1198
1528
720
2082
1528
1528
2082
996
1528
1198
342
57
2082
174
2082
490
1528
1528
1198
1198
2082
2082
570
570
720
839
1198
2082
2082
2082
839
2082
2082
2082
490
2082
1198
1528
57
57
57
57
570
2082
2082
1198
839
2082
1198
1198
411
1528
720
2082
1528
2082
490
2082
174
17
839
490
720
453
490
2082
1198
1528
2082
453
383
1198
1528
2082
236
1528
1528
2082
490
1198
996
1198
2082
570
1528
490
996
2082
1528
2082
2082
1528
1198
2082
490
2082
839
640
996
75
2082
996
1528
996
996
2082
2082
640
2082
2082
2082
123
2082
2082
1528
640
996
316
411
1528
1528
640
996
1198
13
570
2082
2082
1198
996
2082
1528
2082
1198
1198
839
1528
2082
2082
2082
1528
1528
570
570
996
839
1198
2082
206
2082
570
2082
490
1198
1528
2082
2082
996
2082
2082
16
2082
1528
2082
1198
640
1528
2082
2082
201
720
1198
1198
283
2082
165
996
283
996
2082
2082
996
2082
2082
1528
92
2082
2082
2082
1198
2082
2082
1528
1198
2082
7
2082
2082
640
2082
236
67
2082
2082
1528
1528
640
996
2082
2082
1528
453
383
383
1528
1198
1528
1528
1528
1198
2082
342
2082
2082
490
640
2082
116
2082
1528
1528
1198
2082
2082
2082
2082
2082
2082
1528
2082
2082
316
2082
996
720
2082
316
2082
252
252
283
1528
2082
2082
996
1198
283
2082
1528
2082
570
1528
720
490
342
1198
996
236
411
2082
2082
1198
2082
1198
2082
490
2082
1198
1528
2082
2082
1528
67
2082
1198
490
1528
839
2082
2082
1528
839
839
201
490
1528
1198
720
839
157
490
1198
1528
123
996
839
1198
1528
2082
640
1198
2082
2082
2082
1528
2082
2082
2082
2082
342
996
1198
236
996
2082
1198
1198
1528
32
1198
2082
1528
2082
15
2082
2082
1528
839
2082
2082
2082
1528
1198
2082
1198
839
316
2082
2082
342
316
996
2082
839
490
1198
2082
2082
1528
1528
720
720
1528
2082
2082
2082
90
1528
1528
1528
1528
2082
1528
996
2082
2082
2082
839
2082
1198
839
2082
2082
2082
1528
2082
1528
2082
2082
1528
2082
1198
2082
1528
996
640
2082
640
1528
996
2082
2082
2082
383
996
2082
2082
2082
1528
2082
24
1528
2082
839
2082
1198
2082
1528
1528
2082
720
1528
2082
570
2082
1198
2082
2082
2082
1198
2082
2082
1528
2082
1528
1198
2082
2082
2082
2082
1528
2082
2082
1198
2082
2082
996
996
1198
2082
1528
2082
1528
2082
2082
2082
996
2082
996
2082
1528
2082
1198
2082
2082
1528
1528
214
839
2082
342
640
174
1528
214
2082
640
1528
174
236
2082
1198
2082
1528
720
996
2082
1198
2082
996
63
490
490
839
2082
97
720
1528
1198
2082
1528
1528
165
720
720
453
1528
214
2082
95
1528
2082
1528
2082
2082
1198
1528
2082
1198
490
2082
570
2082
1198
1528
2082
174
1198
1528
1198
2082
1528
2082
1528
2082
2082
453
996
1528
1528
2082
1528
2082
1528
2082
1198
1528
2082
2082
2082
1528
2082
206
1198
490
490
2082
95
2082
342
174
2082
2082
1528
2082
2082
996
2082
1198
1528
1198
720
383
2082
1528
1528
2082
2082
2082
1528
2082
1528
2082
640
640
2082
1528
2082
996
2082
996
1528
1528
2082
1528
1528
996
1528
2082
2082
2082
2082
1528
1528
2082
1198
720
2082
839
2082
490
996
1198
2082
1198
1198
411
139
1198
1198
2082
2082
1528
1528
1528
2082
2082
2082
383
1528
1528
2082
2082
2082
2082
1528
2082
2082
2082
2082
2082
2082
2082
996
839
1528
128
996
1528
996
2082
2082
996
2082
996
640
1528
2082
839
2082
2082
996
1528
1528
1528
2082
2082
1528
2082
1198
383
1198
2082
996
490
2082
839
2082
2082
1528
490
1198
2082
1198
2082
490
996
2082
1198
1528
2082
2082
2082
996
2082
2082
2082
2082
1528
1528
490
720
720
411
2082
2082
236
228
570
67
640
2082
1528
720
2082
1198
640
2082
2082
2082
1528
2082
2082
1528
2082
342
2082
2082
2082
2082
2082
1528
720
1198
165
839
1528
996
1198
2082
570
1198
1528
2082
214
490
996
1528
2082
2082
839
2082
996
1528
192
2082
996
1198
1528
2082
1198
2082
720
2082
2082
1528
996
1528
996
2082
2082
383
2082
2082
490
490
2082
996
839
2082
1528
1528
1528
720
116
2082
2082
2082
720
720
1528
1198
2082
720
720
2082
2082
996
2082
2082
342
283
570
570
570
2082
2082
1528
1198
1528
1528
1198
2082
2082
640
1528
2082
1528
1528
56
1198
1198
2082
996
1528
411
640
67
1528
640
720
2082
2082
1198
570
1198
1528
570
490
1198
2082
2082
490
123
21
1198
1528
1528
2082
996
2082
1528
996
1198
570
490
2082
2082
2082
1528
996
2082
1528
1528
2082
1198
100
2082
1528
2082
2082
2082
1528
1198
1528
490
720
996
839
839
1198
2082
2082
2082
411
383
1528
1528
2082
2082
2082
1198
5
1528
640
2082
839
252
1528
1528
2082
2082
1528
1528
1528
2082
2082
342
2082
1528
2082
2082
996
1198
1528
839
2082
839
2082
2082
2082
996
2082
2082
143
2082
2082
2082
2082
1198
2082
2082
342
1528
1528
2082
1528
2082
2082
1528
1528
2082
1198
2082
839
2082
1198
1198
1528
80
1528
2082
2082
2082
1528
1528
1528
2082
2082
1198
228
2082
2082
996
2082
839
2082
301
136
1198
2082
1198
640
2082
1528
640
139
996
2082
453
342
1198
2082
2082
1198
2082
2082
996
411
2082
1528
1528
1198
1528
2082
2082
570
2082
2082
2082
2082
720
640
1198
2082
92
2082
2082
2082
996
1528
2082
1528
453
342
342
2082
342
342
316
316
2082
2082
1528
839
2082
2082
2082
839
2082
2082
1528
2082
490
1198
19
839
720
570
839
2082
1528
2082
1198
214
839
2082
453
2082
2082
2082
1198
1528
2082
2082
720
1528
2082
2082
2082
2082
9
2082
2082
1528
411
2082
2082
2082
1528
2082
2082
2082
839
1528
2082
1198
996
283
570
570
1528
1528
2082
996
2082
839
2082
2082
996
2082
2082
996
32
32
32
29
2082
1198
1198
2082
2082
1198
2082
2082
720
2082
2082
411
2082
2082
720
32
2082
453
2082
2082
252
252
720
2082
1198
2082
2082
570
839
570
1528
1198
2082
2082
383
2082
1528
996
996
996
342
1528
1198
1198
640
2082
1528
1198
720
839
720
640
720
1198
1528
2082
1528
32
2082
2082
1528
192
2082
342
570
2082
490
996
720
2082
2082
252
1528
1198
2082
2082
2082
996
1528
157
316
2082
2082
996
1198
1528
2082
1528
128
2082
1528
2082
2082
2082
64
2082
1528
157
2082
1528
2082
64
2082
1528
1198
1198
2082
2082
1198
2082
2082
2082
996
192
383
1528
2082
2082
1198
720
1528
2082
570
2082
2082
1198
2082
1528
2082
2082
2082
2082
2082
490
2082
490
2082
1198
342
2082
1198
2082
453
192
996
996
29
2082
2082
1198
839
2082
301
839
720
720
2082
1528
996
2082
1528
2082
2082
839
1198
2082
143
570
2082
2082
1528
2082
2082
342
2082
174
2082
490
1528
383
1528
2082
453
55
640
2082
2082
316
342
342
342
1528
1528
839
2082
2082
252
2082
2082
2082
996
214
301
32
1528
839
1528
1528
411
839
2082
2082
283
1528
996
1528
214
720
1528
2082
2082
2082
2082
2082
2082
1198
1528
1528
1198
2082
2082
2082
2082
996
1198
996
2082
64
1198
720
2082
1198
1528
1198
2082
2082
1528
2082
252
301
453
2082
720
1198
206
839
73
490
839
86
192
411
201
411
252
839
2082
2082
1528
128
720
411
1198
453
57
720
1198
2082
201
996
839
453
90
411
1198
1528
2082
570
2082
411
570
411
383
453
839
1528
996
342
2082
2082
271
8
228
640
490
82
720
342
1528
48
2082
720
411
1528
85
1198
2082
271
453
2082
2082
1528
116
1528
839
720
2082
2082
720
86
720
2082
42
1198
640
996
116
1528
839
570
11
236
1528
996
720
2082
54
1198
100
2082
2082
228
996
1198
720
2082
640
383
720
236
490
1528
720
174
236
2082
1198
2082
2082
1528
411
2082
490
720
2082
1198
1198
81
1198
411
720
2082
2082
1528
411
839
839
640
839
839
1198
839
453
640
453
996
570
2082
2082
73
42
1198
2082
996
2082
271
1198
490
720
1528
996
1528
570
27
2082
490
2082
839
1198
1528
640
411
2082
1528
640
1198
453
839
2082
2082
1198
1528
2082
996
490
1528
839
839
640
996
490
2082
2082
23
996
1528
640
411
301
2082
236
720
490
342
1198
1528
342
570
411
640
570
1528
640
996
1528
2082
839
490
2082
1528
570
453
996
316
2082
640
2082
2082
996
78
1198
1198
411
996
1528
996
490
2082
301
97
2082
2082
1528
2082
1528
839
206
1198
1528
271
720
720
1528
13
79
2082
1528
1198
1528
996
1528
2082
2082
2082
2082
252
1198
839
2082
996
2082
1198
839
316
2082
2082
1528
1528
1198
720
1198
490
201
996
1198
1528
996
2082
2082
1198
490
490
839
839
1528
996
2082
1198
2082
411
839
839
1528
839
174
174
1198
157
1198
996
839
2082
839
206
1528
2082
165
1198
214
2082
2082
839
116
1198
1528
720
342
2082
720
720
2082
1528
2082
996
316
1198
490
996
1528
236
1528
301
996
720
2082
2082
20
1528
2082
2082
1528
570
1528
2082
996
236
570
490
453
2082
996
570
839
839
192
1528
2082
640
1528
1528
839
2082
640
12
1198
996
1528
2082
570
1198
490
283
1528
411
342
2082
6
1528
2082
1528
2082
2082
128
2082
1198
214
2082
570
839
640
2082
839
490
570
839
640
2082
174
316
839
2082
2082
1198
1528
2082
839
490
77
996
214
720
1198
271
640
165
1198
1528
1528
1198
640
1198
271
2082
570
2082
720
342
2082
720
1198
116
453
570
1528
839
839
570
383
206
996
2082
107
236
839
996
640
1198
570
1528
2082
383
453
2082
720
301
316
570
996
720
720
2082
157
570
1528
996
2082
1528
2082
839
1198
1198
2082
720
839
996
2082
453
2082
283
1198
2082
640
383
1528
1198
1198
283
383
2082
1198
1198
236
839
9
301
1528
1198
570
490
570
252
996
640
411
453
839
271
411
996
490
67
2082
2082
67
1198
411
996
28
32
29
490
1528
490
1198
1198
2082
192
1198
996
2082
214
640
2082
2082
2082
1528
2082
720
640
570
252
1528
2082
128
128
996
2082
1198
165
1528
123
2082
236
2082
996
640
2082
996
1198
1198
383
2082
25
1528
2082
839
2082
83
228
1198
123
1528
1528
86
252
640
2082
2082
2082
720
2082
720
283
996
165
996
283
570
26
996
316
996
996
839
1528
1528
1528
490
1198
996
720
839
165
192
316
2082
1528
839
2082
453
1528
134
490
206
640
342
2082
996
136
490
720
316
1198
720
2082
2082
2082
1198
570
283
2082
107
1198
720
316
271
996
411
100
453
252
490
228
720
490
18
192
2082
720
2082
301
1198
2082
570
839
316
720
1528
720
2082
490
1198
52
2082
411
2082
301
720
2082
2082
720
271
283
490
490
490
51
411
283
996
839
113
2082
2082
1528
316
316
1198
283
839
316
1528
570
1528
174
411
411
839
2082
252
1528
839
453
839
342
1198
100
2082
1528
2082
1528
316
411
640
839
996
92
228
640
720
1528
839
2082
839
570
996
996
342
839
411
453
342
453
996
