453
446
280
295
249
324
336
27
54
92
80
324
30
48
93
98
132
386
704
60
265
178
328
499
90
33
157
108
38
28
104
11
44
200
232
233
144
31
624
235
157
94
130
176
7
80
760
3
24
77
43
383
116
120
500
92
7
2
6
11
22
33
13
9
206
286
14
89
459
191
5
63
11
5
67
41
6
13
104
39
331
5
50
59
38
76
15
109
3
55
191
24
51
116
19
15
51
35
133
527
55
23
33
36
33
64
35
38
37
55
474
98
42
9
36
100
21
8
86
72
67
62
148
68
72
23
97
17
8
64
53
5
19
43
117
148
32
829
47
201
112
426
8
47
595
233
54
260
22
16
62
157
1
95
53
42
16
195
4
38
4
44
20
76
426
30
39
61
21
69
11
12
36
41
101
49
672
236
6
37
17
89
23
1528
495
4
151
234
88
6
15
563
29
49
53
124
47
40
7
544
14
356
129
20
11
15
28
36
15
40
6
8
45
11
71
173
17
25
206
34
45
57
39
5
14
25
45
37
195
7
726
137
68
13
43
27
138
101
14
5
19
14
36
9
1184
51
1
3
14
60
7
20
50
16
55
171
43
15
15
38
80
40
153
4
8
2
22
64
28
26
19
56
955
17
27
38
8
177
42
121
97
13
55
111
5
62
16
13
117
250
33
211
155
5
5
118
103
99
146
28
1088
74
70
25
17
71
15
20
12
73
29
33
10
539
100
34
54
8
24
139
24
119
64
105
66
304
60
83
1288
29
25
120
67
54
117
15
33
39
85
26
5
24
22
10
619
9
4
16
29
30
8
4
23
27
102
28
9
44
19
14
158
111
3
29
958
193
19
100
97
37
3
138
30
68
51
13
26
20
73
95
49
6
139
86
6
2
1
141
59
331
61
34
20
9
53
91
28
22
7
149
105
141
231
162
24
188
464
25
7
7
9
14
125
155
8
4
80
146
276
31
82
347
14
17
340
15
45
132
173
21
26
32
78
167
45
37
160
69
675
12
9
89
33
186
52
13
8
281
100
157
67
148
31
25
12
75
10
72
103
17
1
218
46
61
11
139
25
10
40
63
7
26
56
18
302
44
4
98
242
13
75
16
6
350
39
86
7
395
178
128
21
158
97
219
29
102
339
79
20
101
803
7
5
2
32
952
1426
7
107
78
19
40
61
167
279
1
9
13
10
8
60
13
9
34
248
82
32
3
99
50
162
299
73
281
3
135
21
29
51
14
63
17
13
30
27
3
9
290
38
15
1458
267
43
8
36
12
53
537
45
90
99
11
334
14
5
18
5
32
69
73
20
37
98
6
52
12
19
17
50
26
129
20
39
9
74
58
167
15
4
93
11
27
218
9
1292
24
38
54
2
94
106
18
19
8
1094
47
70
329
10
428
67
49
44
6
393
36
52
60
4
48
109
7
131
31
41
82
11
41
26
27
9
220
22
6
69
3
38
23
2
23
79
64
15
64
15
167
746
67
226
46
354
37
2
61
348
81
98
39
11
78
25
61
4
13
8
3
11
13
5
21
56
96
1
7
12
25
107
6
253
20
19
11
37
14
83
20
46
143
77
338
34
6
13
23
25
22
15
119
1
286
39
36
10
20
25
23
15
1030
20
42
14
293
44
15
5
2
17
20
70
5
163
106
27
69
64
136
33
75
4
36
41
11
28
4
138
17
62
6
95
21
16
25
159
131
85
29
22
40
119
267
15
62
2
12
17
11
8
6
9
55
1
615
230
11
77
71
112
26
1
56
83
3
27
8
100
44
148
7
10
22
15
3
106
56
81
48
150
64
5
5
22
103
161
49
15
4
10
24
13
58
6
131
20
34
184
57
19
91
1
51
30
26
17
19
23
17
15
28
46
203
33
32
126
342
63
20
109
34
46
59
44
70
134
36
77
268
166
495
36
8
3
59
2
6
2520
54
7
31
11
217
116
5
9
103
70
374
10
12
1
368
48
6
6
23
30
16
38
18
31
88
6
15
46
16
48
9
67
12
13
11
3
14
10
11
13
58
41
22
2
47
110
20
24
9
6
60
11
199
22
38
117
89
57
5
63
324
10
39
177
34
12
1275
7
154
200
15
3
52
18
10
16
47
24
61
7
6
7
56
91
50
77
398
21
263
7
9
43
29
13
476
7
56
17
149
110
3
22
248
52
189
225
28
480
204
7
699
110
64
433
36
17
20
7
22
122
105
61
37
60
282
1
42
23
45
14
14
1003
31
8
5
21
7
9
13
20
10
69
17
19
23
110
48
18
67
25
10
6
20
6
5
323
4
7
4
4
47
15
1
9
42
45
62
486
83
69
46
28
25
43
7
90
684
321
84
577
75
116
39
31
112
19
16
127
36
21
108
51
134
49
12
69
16
12
134
5
27
59
106
220
118
21
24
75
88
3257
26
61
7
3
24
101
25
40
74
66
25
4
59
17
15
512
5
63
30
24
345
24
92
26
122
14
15
11
9
11
127
1144
26
177
74
148
15
4
66
10
21
23
5
14
42
28
27
57
26
70
22
10
8
12
219
99
30
2
141
35
30
34
25
32
83
23
12
14
107
15
74
224
212
3
377
120
84
92
36
8
39
278
19
116
15
13
11
20
77
791
130
8
4
104
3
3
10
40
219
234
341
15
92
52
223
21
6
47
192
150
232
112
153
11
7
8
27
58
26
9
98
153
135
36
80
7
10
49
25
215
17
88
3403
28
24
377
150
41
40
22
63
189
30
14
66
25
10
6
87
4
24
15
37
105
93
117
19
159
3
76
21
4
8
63
17
67
198
323
162
2
153
569
89
35
1750
62
175
13
96
10
35
78
78
195
35
8
21
9
183
260
130
5
119
8
50
34
44
181
25
194
13
104
406
80
232
60
61
7
37
24
69
22
27
15
206
30
133
15
105
4
30
8
4
290
5
15
7
130
14
2
131
21
31
18
3156
184
60
76
21
28
9
913
17
37
27
131
122
8
70
30
92
29
67
261
4
24
15
25
714
34
298
158
58
135
1
2544
19
99
7
47
38
51
136
15
104
39
23
15
35
44
12
254
41
31
19
35
20
12
16
20
932
1
44
22
54
214
37
249
6
14
15
118
23
10
50
186
63
18
17
27
65
28
271
27
143
48
208
0
37
15
22
28
78
14
463
125
51
3
61
9
74
114
12
42
74
15
1
78
61
144
70
7
12
83
310
11
95
4
2
1710
24
51
84
1709
32
38
51
38
65
33
19
136
63
3
398
7
335
18
259
29
30
95
15
2
34
6
6
25
152
282
24
32
216
45
58
7
398
62
4
1
21
9
17
33
18
19
105
14
135
31
279
81
182
8
133
29
142
287
93
10
4
145
85
7
62
393
38
8
32
95
33
19
13
7
24
9
120
52
442
60
11
8
134
21
20
13
36
18
134
2
292
53
8
21
47
130
15
11
118
4
62
105
530
4
5
20
28
58
99
78
55
106
47
77
6
36
34
43
49
3
206
153
28
48
29
326
37
6
1993
108
87
82
16
26
133
35
70
2
19
26
75
365
41
42
261
30
15
36
21
174
8
74
24
135
6
186
25
25
86
42
8
75
224
4
231
56
12
272
60
50
204
38
40
5
28
37
275
96
20
20
5
27
5
12
31
7
8
125
433
236
15
40
93
66
127
44
159
34
50
84
23
117
57
13
11
1142
16
86
5
590
57
9
37
66
360
18
384
14
66
9
335
65
2
424
19
264
18
27
3
26
26
7
2
27
851
5
10
61
12
8
109
108
7
58
80
5
44
4
121
33
10
105
81
28
1786
61
99
0
601
352
831
5
8
24
16
3
135
250
7
10
169
30
366
9
79
5
11
101
149
91
49
45
70
32
92
57
56
22
51
420
12
12
65
44
477
193
27
56
5
7
327
6
30
60
255
2
103
128
76
4
7
28
57
19
34
11
61
50
22
32
33
47
40
169
6
73
24
143
26
8
6
79
94
52
28
13
922
129
242
15
93
16
15
7
32
56
103
4
10
5
8
3
22
61
43
20
41
99
2
120
45
4
99
10
33
19
79
60
477
463
34
185
15
5
35
17
26
54
232
79
13
38
6
27
39
17
20
294
145
19
19
35
23
232
6
31
12
31
120
11
16
121
8
1376
14
218
205
57
16
38
193
48
1497
743
79
93
23
274
14
25
9
1
73
58
7
58
24
3
645
39
10
203
46
11
17
3
241
184
66
13
18
15
53
441
6
1
9
12
34
10
11
14
275
6
458
68
28
115
59
16
2
224
42
25
20
34
9
72
1742
141
11
20
58
283
61
278
24
121
68
46
146
48
9
2
39
8
9
128
215
19
9
560
159
23
178
33
30
9
16
161
10
122
119
52
137
72
13
25
48
61
35
319
141
29
120
115
14
205
331
26
24
5
150
60
42
12
4
64
6
1087
32
39
21
21
33
16
221
4
48
98
83
254
222
61
14
115
13
48
17
11
84
15
97
15
52
6
38
167
62
20
11
144
11
439
19
139
281
128
107
0
55
39
18
2
4
31
7
7
165
47
170
27
10
196
52
504
288
192
32
63
33
9
1227
55
11
14
19
45
13
117
14
203
5
39
113
105
265
237
758
40
58
10
65
33
1
74
156
22
5
45
12
276
140
367
34
192
44
53
112
84
4
16
392
82
200
52
4
16
63
345
79
15
7
681
46
38
23
172
228
4
6
10
66
27
44
24
151
262
16
58
120
10
137
29
111
11
81
7
59
65
12
25
9
15
22
25
7
22
67
81
239
353
240
5
86
50
241
44
339
98
60
7
125
182
116
158
810
6
24
6
197
288
9
25
6
35
56
74
2
29
59
39
4
9
11
7
154
2
19
55
16
2
144
79
71
86
3
72
89
152
32
126
105
57
10
7
40
5
40
63
38
91
22
35
199
46
94
50
237
35
14
16
17
105
54
33
7
263
129
476
25
504
352
75
5
33
216
3
76
157
5
103
21
4
12
92
7
17
253
16
152
199
213
14
54
48
9
28
11
143
101
222
67
3
126
16
143
13
11
48
44
344
28
609
284
26
153
2236
6
309
28
180
44
50
24
121
63
24
42
164
15
433
35
187
3
6
54
10
180
10
32
3
129
42
700
4
23
20
6
48
5
2044
20
10
124
19
29
36
488
71
12
331
381
6
21
7
7
22
94
15
6
296
10
19
14
215
108
4
7
66
151
10
211
12
72
147
14
25
70
142
6
22
38
15
100
38
167
31
13
35
11
13
159
2
27
83
11
35
22
12
8
66
97
46
11
69
10
71
18
44
37
18
11
143
11
63
102
10
314
5
62
90
1472
16
60
290
21
13
1162
1872
34
7
39
57
16
85
94
13
235
432
143
158
74
13
24
26
20
15
12
55
44
676
21
9
101
26
19
5
250
42
7
113
307
371
83
443
49
5
40
10
270
32
22
8
5
20
13
51
15
74
14
81
434
30
570
10
15
48
25
24
271
16
72
18
134
52
218
111
11
5
104
283
93
90
57
52
37
23
25
12
58
37
47
353
9
34
44
120
32
8
161
49
21
28
73
16
227
86
2
46
11
861
394
114
41
30
449
9
27
154
15
36
192
79
109
20
273
33
12
61
326
95
1555
126
95
7
12
46
149
286
166
8
3
59
11
39
2
1
28
0
28
49
45
23
75
27
8
224
46
247
28
10
148
10
8
158
78
128
648
22
325
74
45
32
882
44
379
8
851
1
32
25
191
22
3
101
100
25
108
7
8
19
203
538
149
8
15
4
2
15
34
31
83
36
34
4
588
1331
456
855
206
242
193
175
3311
41
239
8
575
276
346
547
406
435
15
1
511
588
82
1645
93
1
7
1064
230
421
346
300
431
6
220
333
27
11
55
122
9
12
1815
282
581
178
253
242
67
91
255
201
89
102
2006
326
97
55
31
29
67
502
37
316
221
49
144
44
232
42
1710
139
184
20
69
12
55
8
505
54
1190
19
643
1101
249
345
114
12
13
4
238
275
190
20
111
274
788
1287
4796
354
14
9
106
4
337
129
1
119
349
4
10
548
305
1307
7
1602
660
185
136
69
10
421
77
74
84
1005
17
86
58
199
67
1699
4
72
350
59
127
46
78
247
106
67
64
794
63
636
68
178
258
201
55
83
24
42
627
13
18
22
68
3
10
139
300
193
301
26
501
6
203
78
27
66
5
236
194
38
24
576
191
1174
12
4
137
20
751
40
15
38
31
27
460
15
13
16
35
19
758
2
308
131
31
70
15
322
34
18
193
483
405
12
166
95
210
382
254
119
18
289
760
89
464
56
8
5
125
78
177
285
269
187
42
217
237
677
416
1244
24
43
731
474
336
290
41
1
488
337
408
7
23
213
151
6
135
519
1298
78
86
247
2
188
29
203
16
241
34
59
7
40
23
958
167
7
15
6
589
2313
271
62
8
5
68
448
533
285
281
765
93
209
27
10
202
77
12
323
8
68
32
23
27
358
35
169
3756
4
182
141
68
202
958
72
100
284
435
124
1015
1062
145
373
106
35
31
574
102
197
165
54
46
670
78
201
181
26
530
510
154
97
578
39
406
40
13
29
66
510
125
8
28
26
922
10
12
159
561
157
318
51
223
879
41
8
15
56
79
119
579
9
717
13
24
241
8213
4
79
35
28
64
314
195
21
34
1567
0
90
456
830
259
11
318
212
141
99
545
114
29
207
182
577
104
76
65
157
243
154
6
3012
8
120
294
107
10
952
168
142
3
7
6
385
64
378
5
12
144
10
4142
155
574
63
263
0
61
123
80
32
210
7
246
22
108
110
13
337
8
8
188
332
93
82
455
1002
116
1120
718
175
324
396
40
185
8
252
212
10
79
51
5
97
927
40
69
388
122
132
478
136
88
29
1
19
113
155
39
53
373
86
8
10
19
207
140
96
7
11
178
28
131
29
164
351
150
453
3
7
16
33
20
937
17
112
60
315
7
419
346
46
556
137
26
101
135
232
209
224
57
16
242
134
9
15
14
774
239
22
35
1182
147
98
57
146
306
271
836
392
12
45
3
15
68
76
32
1187
20
10
103
99
17
30
306
425
94
35
185
193
39
290
5301
3231
1463
1456
2
3340
75
522
11
988
607
368
41
19
25
75
95
79
5
98
23
202
155
35
206
504
41
63
200
20
18
79
40
338
212
5445
46
54
9609
36
6
45
211
1421
17
1078
276
23
130
48
617
6
1219
5
459
34
135
92
75
129
234
504
448
339
16
191
234
223
2355
667
257
825
136
142
330
269
454
369
10
12
59
3130
3102
8
139
761
2
46
22
67
49
18
29
49
914
73
14
8
87
70
437
30
23
241
17
20
20
62
15
162
103
3
287
45
1120
384
52
168
268
12
873
129
