220
225
400
369
454
338
319
2027
1494
1078
1162
338
1948
1575
1067
1027
822
265
124
1406
427
639
332
193
1093
1879
699
947
1759
1995
978
2637
1645
577
493
491
755
1927
141
485
699
1060
832
649
2862
1162
112
3106
2123
1199
1669
269
909
880
192
1078
2862
3147
2934
2637
2190
1879
2545
2749
554
384
2505
1099
213
606
2993
1353
2637
2993
1303
1697
2934
2545
978
1735
326
2993
1547
1423
1759
1208
2435
942
3106
1479
606
2123
1532
909
2300
2435
1532
1827
818
178
1479
2160
1879
1805
1879
1340
1827
1759
1784
1479
206
1027
1679
2749
1805
1008
2226
2799
1115
1250
1303
1371
740
1292
1250
2160
1037
2363
2799
1340
1508
2993
2300
1669
902
740
1903
102
1593
573
926
240
2799
1593
148
491
1494
436
2190
2397
1371
699
3183
1050
1508
1679
2397
589
3052
1759
3052
1645
2255
1208
240
1948
1735
1385
2226
1279
2637
2589
1805
1697
999
1560
132
482
2934
1784
2363
1099
2160
37
194
3052
726
487
1107
2934
2435
164
1971
1560
1508
865
1593
1713
2862
171
2505
288
838
2255
2637
2435
1995
1805
2435
1713
2934
2799
1627
2637
1260
654
2363
2086
554
1852
1627
1451
1735
2993
2505
2086
1627
1784
589
2862
120
791
1292
2545
1669
2027
788
999
2505
2993
2300
2505
1805
2749
58
1532
3183
3106
2505
1406
2862
2255
1547
2397
1479
657
1669
2435
2435
1759
1162
1713
717
3052
2799
3147
2190
1340
1995
2058
2300
1465
82
2363
2027
1759
2799
645
1679
875
1037
2545
1479
932
2993
1371
2397
2545
902
451
1879
544
707
2993
2993
898
985
1016
748
1995
68
1228
1266
2086
2363
1260
2435
2255
2589
1242
1971
1879
2691
172
1008
1852
1494
2799
2123
781
2123
890
1340
967
1320
361
1406
1137
50
1971
2086
880
1303
1494
902
2435
1879
1735
1126
2058
2993
2123
2190
2691
142
2749
3052
2397
1971
1948
2799
3052
2160
2027
994
1995
2749
1645
2300
2505
693
932
3106
1971
79
595
2300
1008
1037
1784
3106
788
1948
1292
1532
2545
2058
2255
1242
1050
1560
2934
781
1115
2934
3147
3183
772
1423
326
1385
1852
2255
2749
1508
1087
1995
2190
2862
735
967
772
500
679
2123
614
208
2086
2862
2862
2749
2505
859
707
2799
3052
1162
748
405
1927
1148
300
2505
2363
310
2435
1627
822
654
2226
2058
1903
1185
664
1627
1784
686
1279
131
2589
2749
1099
1879
619
1517
2545
2799
396
1008
699
1303
740
1927
2086
2589
1216
2691
1250
985
2363
3183
526
1607
1385
2637
781
2086
2691
1713
1353
2862
2058
1465
2340
362
1645
3052
1027
464
2545
1216
2397
2934
296
1735
1115
2862
258
639
846
2226
693
1037
523
1971
994
311
1170
2255
999
105
2862
2993
3147
1903
83
43
2862
954
1185
2300
1713
1385
664
401
3183
2749
2545
2691
2799
1406
2545
2749
1852
457
1148
1903
3106
1016
1547
679
366
1242
396
3106
802
2226
1971
1532
2505
1353
2363
2545
1948
2027
3106
2749
374
1759
2435
41
425
1669
2799
1805
2589
1508
174
1627
1093
1016
2637
323
2505
2993
2340
2993
1903
1279
1242
2255
1784
1027
2934
1517
2589
2300
2363
1547
2058
838
2255
1735
2749
1228
1436
664
2435
3052
1067
2637
2027
526
2749
49
2123
1759
1494
3147
1060
959
2340
2300
2799
67
1593
1266
331
2691
239
1303
1560
1645
2934
260
1805
1517
1406
3052
1575
942
2862
825
1927
1697
1148
2637
1697
2058
2027
2749
520
2190
2934
1279
3106
1759
2160
3147
2160
1170
1340
2435
1340
2435
664
117
1303
506
1607
289
1784
3147
1385
299
1155
1027
1735
2637
1185
2086
1385
3052
2545
2799
3106
2637
2545
2993
2226
1465
1046
3183
2862
2589
2086
954
2934
447
2255
2300
2637
1784
2505
1137
2255
1607
761
1199
314
1852
2934
2545
2160
2086
2190
2435
890
3183
384
1735
1805
2691
2255
2086
2160
2435
73
2255
1679
2505
372
1645
2435
2993
3147
2363
2255
1266
2993
678
959
2027
1279
1340
796
1879
1216
3052
1805
1697
2637
1995
3052
788
2363
1371
2934
1050
2226
2397
2086
687
825
1126
1971
2190
1713
890
425
2435
1371
3147
2589
2363
2637
2799
2934
2749
1479
3183
144
502
2637
1199
1260
926
2058
3183
1465
1137
3106
2027
2799
1008
1645
740
2862
2691
2190
2435
3106
959
1465
1155
1575
730
1340
2993
2993
2190
985
683
1560
2435
3052
2691
2123
2545
1436
2934
825
2255
1852
626
1451
2300
1087
3183
1532
1948
2058
2363
2300
2160
2363
2435
1995
1607
564
1879
1903
855
308
1353
2255
942
1852
1607
1423
1645
1266
811
1805
1199
423
671
194
1805
2799
3106
1423
3147
2934
17
1494
2862
1927
2637
530
909
2993
2749
985
1266
276
2691
2589
3183
281
1575
2934
2934
2160
1948
2397
1759
2340
1927
1107
2934
2435
1607
2397
1575
2749
1303
2589
2545
2637
3106
2505
2691
2637
2545
1436
1697
2190
3147
1593
937
2255
2123
2749
2934
1406
2637
581
2190
1759
902
1099
1451
2993
1353
338
2691
1735
645
1852
2589
52
2862
712
577
2435
3106
1517
2340
2691
2397
1593
2123
1385
2862
2934
2862
1465
1087
1547
1199
254
2226
430
2862
2749
1669
1971
2545
204
2862
1465
2363
735
937
3106
2190
457
1517
612
507
1995
200
562
2862
126
937
1340
234
1805
2363
2255
2862
2190
869
967
1385
1784
1406
393
3183
1679
2160
1627
2505
2505
76
1927
2799
2993
2226
2862
2749
2545
2255
2691
1279
2363
2300
2160
937
1575
2340
1303
2086
2691
2934
2255
2934
2993
342
3052
2862
3052
3052
1593
2435
3183
2749
1679
1627
1371
198
1137
1279
1607
1995
2086
1669
2862
1093
127
346
1130
156
1216
909
1735
1927
926
2300
2397
851
1805
2226
947
1532
811
1560
2589
1279
2397
2589
811
2993
2027
1423
959
520
898
2226
2123
1216
1107
10
2058
1385
2862
3106
2123
999
2086
1713
1228
1320
2086
3052
1423
2363
2435
181
2993
1353
1948
2123
304
2123
1078
2058
869
2505
2435
2637
2749
2637
851
62
2058
645
1228
740
2435
3052
1320
2691
2226
2160
2993
2505
1679
1995
2027
1451
2058
1266
2190
2691
2799
2589
523
1016
1948
3147
772
1827
1948
1852
2086
1903
1137
2160
2589
2505
954
2435
1228
508
540
3106
274
880
1130
1078
1805
2799
1735
403
2300
909
2435
2545
2637
2255
1199
107
832
2799
3052
978
3106
3106
2691
1713
523
487
309
2435
1078
1517
513
2226
2934
1593
602
730
493
926
717
2637
2862
2799
2027
1436
2058
2749
1027
717
802
1805
1162
2862
2691
1560
2086
534
2363
1107
7
1995
2123
274
730
1697
1713
2190
1353
612
1948
2505
1320
2086
2691
2934
1112
3052
2123
2435
1784
967
1067
902
2300
687
3106
1208
2226
3052
2799
1353
2363
1303
585
342
679
3147
717
163
1099
1827
27
1371
650
2545
1046
2691
1827
1185
1185
589
1827
2799
2226
2749
630
436
832
2993
890
2799
1547
1852
1645
635
2086
593
2545
978
250
1162
493
1406
1385
2862
1784
2123
1279
2190
2027
2435
554
1948
818
2435
967
3052
1948
2799
3052
374
2993
2435
2862
832
2505
3147
825
2226
1927
2340
12
626
1406
1208
2226
1995
2749
91
2363
1784
2027
825
869
2799
1266
1948
1078
1971
1303
434
3052
2123
2435
2086
123
1852
367
693
1436
802
3183
16
2300
1016
2862
1593
1759
1532
796
2435
978
1735
2160
2435
1827
1645
2589
444
1697
1927
2300
1827
2255
2589
2397
2255
86
3183
1645
2190
1494
537
1784
454
2934
2505
2435
898
2160
2691
1547
619
1353
2340
2363
2027
1333
1995
416
2027
761
1575
551
3210
1784
2435
2190
1995
1185
2505
210
859
1532
3106
1385
2749
1228
919
2589
1679
1228
2435
3183
1185
1385
755
1266
2862
2589
1137
354
2637
1050
3052
3147
29
2123
1532
1130
31
1903
1759
1532
1759
1333
1879
2300
796
1353
3106
254
2862
321
2340
438
1971
1948
1050
2435
3147
1852
2934
2934
2086
723
393
2123
1903
532
1627
1436
2862
254
1371
3052
3183
2226
2749
2363
1879
2340
2300
967
2505
802
1927
401
1155
631
2799
818
1971
768
382
1067
2691
3052
752
1126
2862
1371
260
1759
2799
1903
1050
1879
2300
2545
2862
2123
2749
880
1517
227
1406
2637
2799
811
2226
2255
2545
1805
2340
811
3147
373
1508
2799
2226
1593
832
2435
2637
898
3052
1371
967
176
3052
2993
2255
1995
1436
1016
1185
1479
959
1593
1199
2934
1805
1852
1669
1560
3106
554
717
1995
1575
1971
334
1784
2934
23
947
1112
1148
2397
2058
818
1827
1266
3147
2300
2058
1216
285
1697
1679
434
1948
2435
1805
2226
653
2799
1228
2123
802
2934
619
2086
2086
1115
1679
2799
1216
508
3052
500
1465
2589
415
1406
1547
562
1759
1713
2993
1995
1784
409
1046
2255
2255
2993
2027
2993
2589
1927
2862
2799
859
234
482
2435
1713
1067
1320
851
1645
687
1852
1547
1130
2160
902
1451
2545
2637
63
2397
1115
2993
149
1451
2749
1784
1320
286
2340
267
2505
1320
2749
321
1333
3147
243
2300
429
2340
2027
3106
2058
2058
2862
3147
2027
97
2993
2691
1385
2589
2799
942
947
2862
1436
1162
2993
1645
3052
875
1879
2691
967
1155
1995
26
1385
1016
3210
147
293
100
2993
2799
2123
2397
3106
802
451
2862
2691
659
1948
284
2749
1170
2993
2637
999
735
1087
1560
1627
1266
1903
1078
1451
1465
2190
1532
246
2589
2589
1333
1645
202
595
2027
1465
2993
2862
333
2934
1948
1406
442
3147
985
846
1208
3052
2862
1995
1451
2300
1852
2637
1385
1547
2190
1903
1879
1593
1713
659
2934
1242
2123
761
2058
2799
2934
1170
1060
1517
1995
2545
88
838
464
2435
1067
2397
2435
2862
1903
1465
985
3052
2691
2993
2799
3106
2190
1385
1669
2255
1697
1016
3147
880
1627
3052
1016
2691
1879
2300
1170
1406
202
210
1852
622
2435
2993
1827
2363
2058
1494
493
1170
2545
1759
2934
2027
1735
2363
2255
370
752
2300
2300
1827
2160
493
2934
1927
2589
1927
880
2637
2397
875
2799
45
2505
526
560
1451
2397
1759
595
1575
38
118
1170
1067
2160
412
2505
2086
2749
3183
1242
1436
2862
1436
2123
3106
137
1735
2691
564
1607
2637
2363
3106
469
626
1320
2545
2340
2435
1508
228
2934
3183
2749
2589
1852
2691
2637
2505
409
2934
215
1292
1995
916
1423
2397
3147
508
1679
2086
2255
1852
2749
1250
28
772
2637
2255
1436
391
1385
403
2123
875
1292
1607
748
1575
2749
3147
1735
2799
2749
846
534
2300
2749
166
687
2160
639
1879
1948
2749
2397
683
2691
869
890
1517
791
1250
2545
2086
1575
1385
1827
347
772
1971
880
916
2505
560
326
2058
2123
2993
730
1406
1679
2589
3052
1340
2934
69
1903
1735
2226
2226
1879
2397
518
3052
1575
1027
1137
444
516
1385
2505
916
2545
1575
2363
2637
1130
2435
1037
2435
1517
2934
1759
664
1371
2255
2637
755
2637
229
2300
781
396
846
954
3210
1479
1735
2340
3147
3052
1927
2862
2862
674
1593
658
2027
2691
588
1517
186
380
602
1903
1353
1879
2749
54
1479
2637
2505
2300
1627
2545
902
2505
564
2993
1735
923
967
427
479
114
1713
1436
2691
1333
1879
3183
1228
706
2190
2993
1627
2589
405
779
283
1852
602
1645
1508
926
1130
3052
2397
262
1148
577
1517
3052
2397
1353
304
1170
2435
2862
128
1607
1759
2160
656
504
3052
2934
2691
1320
2027
1645
2123
726
433
2397
1436
880
2691
791
1971
932
2637
1155
2862
1423
1333
2589
2086
2749
2435
2190
2086
2862
2190
1303
1155
475
291
474
2993
1115
1547
469
1645
311
1027
1406
2862
859
631
909
693
104
2934
2123
2934
586
380
2749
2086
2934
1827
1465
1228
3147
1971
1423
1735
3052
2749
2637
2862
712
3147
2300
1479
2397
3147
755
1170
1260
1115
3106
1250
1099
723
1903
855
967
1451
2691
2862
1713
2993
1713
1353
1759
1087
2190
1827
581
1607
1060
1547
479
1827
2505
2397
2363
967
1494
1879
2862
430
838
204
2086
186
293
1216
2993
1879
532
3106
1208
699
2993
985
2226
3052
2589
1078
2862
2363
447
2397
723
581
538
2505
1494
1575
2749
1995
2637
761
999
516
1303
3106
855
2397
761
2545
2637
1575
1645
307
1995
145
389
2058
717
20
2934
355
1995
637
1645
1547
2123
875
1353
2123
1679
676
2435
234
1827
617
3106
2934
1494
2691
637
2691
1903
3106
838
1679
125
3052
2160
2255
2934
1575
2993
21
2255
2691
865
2300
1971
1805
196
1260
2589
326
271
2934
2226
2862
2862
2190
1060
2435
2934
368
2691
2300
2505
534
947
3052
2862
1320
726
2691
544
2589
1250
746
2505
2086
1266
768
2934
2190
1759
2435
1008
1759
664
1927
2545
1827
2637
2545
687
3147
2027
1137
2637
1827
2190
2589
2799
1320
1037
1607
2637
1279
2691
1260
2340
1645
1784
2340
2637
761
2637
1353
994
2691
352
2993
1371
1093
39
2397
1406
374
2226
2545
61
24
1852
2862
1735
1451
2397
1126
1060
2545
485
237
761
693
1228
2545
2123
2058
2255
2435
2589
1479
1645
130
2226
2749
999
2058
2300
2993
451
1679
2862
923
357
279
1137
226
1560
2993
1713
2691
420
1903
2190
2799
2993
2255
2545
1532
2435
1228
2505
1155
233
1948
162
2691
2435
1575
2086
2123
416
2397
1250
2340
811
1517
526
932
2637
2993
978
391
1067
1093
1451
1517
1784
2160
2086
2589
1436
1784
1593
291
2749
1852
1645
880
1903
2799
683
1560
2226
1995
1242
2397
505
1115
3147
1607
2637
95
259
919
1697
1948
222
2749
2027
712
2435
1805
602
1170
942
2255
414
1879
2589
1385
334
1050
36
855
1050
2862
2589
1607
735
384
671
2799
3106
1423
2637
1735
3147
3183
1995
3210
1995
1560
1627
2160
1216
2027
2799
508
1607
459
1995
2691
740
2691
2799
693
1185
846
136
2190
337
1228
1627
1903
92
1645
272
2799
97
3183
1903
2086
606
2190
3106
999
1008
2086
947
2862
2799
2300
564
173
735
2799
2435
3052
3147
2435
1852
1927
1137
1805
1852
3052
151
46
216
96
554
464
595
650
9
1697
475
2799
159
405
301
169
250
231
2435
3183
182
151
1148
33
1067
3183
2862
71
502
244
301
364
238
2934
520
324
2027
2637
1479
869
2749
2589
25
393
153
639
447
464
1303
1087
442
573
1099
994
22
334
1037
1479
1927
1971
1303
190
1784
350
518
1560
755
1645
493
1679
29
781
626
2255
1279
2589
1479
2799
185
1494
56
2300
138
66
454
304
919
2589
2545
3052
478
409
611
2255
932
412
108
51
4
289
2505
2749
959
3052
316
838
3183
890
298
3052
2691
168
360
47
2862
34
135
622
796
1279
2691
244
1199
1228
1130
75
2363
1115
1436
581
1303
32
3052
1250
296
1423
851
1607
1185
459
959
1303
1340
106
1353
139
1292
639
440
573
1479
1137
2123
1679
140
2545
2340
2190
1292
3106
2691
781
364
595
363
2058
191
2934
564
1185
2027
1320
2993
482
593
1759
2123
158
606
60
2589
3052
791
2255
116
1713
2435
1759
1927
2027
212
2435
2545
2397
1827
2300
114
3147
356
825
1927
1266
2435
345
1852
2340
595
199
253
2589
671
1050
547
270
444
890
2340
379
112
1099
208
1465
2799
2993
859
1185
645
387
421
617
1679
530
479
129
248
53
2123
1669
119
206
319
374
1697
3183
196
316
249
2862
2160
538
726
2934
802
180
48
1185
1115
459
3147
614
1971
564
2397
469
1852
1423
2862
1713
2160
79
664
2862
2435
2934
150
19
416
1371
2799
2993
1292
223
175
387
396
110
1067
549
2027
2691
570
1199
2589
342
2799
1292
1903
2160
2027
287
1827
659
6
3052
631
772
1292
570
79
1250
1008
389
231
865
74
72
752
277
959
1827
1927
160
994
586
674
1494
1607
133
1185
573
635
2058
176
183
712
1037
155
1735
250
1713
2545
1971
1320
183
859
2799
1995
2058
88
2691
2589
687
165
699
348
1532
513
93
1697
2799
2435
1465
1170
890
154
2749
122
2545
2123
469
1
3052
1170
1827
1995
1340
352
589
2226
1852
35
3210
1093
216
101
438
2637
348
540
772
1016
170
919
1971
552
631
156
978
1208
1333
699
463
712
2934
15
2799
880
370
954
2691
83
662
768
3106
2862
2934
266
1340
273
2993
2589
755
2691
5
707
160
1353
430
3210
1385
868
1162
1903
547
2862
462
2190
947
937
2545
316
2799
2799
614
325
1067
1148
218
77
909
64
121
650
338
257
1713
622
2799
450
540
2691
1170
1532
2993
1037
87
1713
1279
264
869
822
201
796
1107
1971
3183
2300
923
707
1735
1508
277
1115
2799
2691
2300
552
779
1046
2862
2637
639
1995
825
1971
676
295
730
220
3106
2862
2397
1879
2255
85
2363
926
1406
351
2862
247
301
1607
167
791
2058
999
802
493
549
508
1451
2397
464
811
2749
2435
2505
109
475
2190
1827
59
746
1027
1451
748
358
416
99
262
2589
1627
3106
2435
1292
1208
1903
57
2255
2691
985
1016
2363
1948
358
242
1060
1827
622
595
1735
374
3
11
40
42
3147
8
1216
179
2637
78
146
281
1697
2300
2086
1216
1050
1170
2993
1027
2160
570
707
1827
554
186
1697
1353
577
2255
2340
1170
1713
314
540
2
1607
1494
0
1805
2934
1627
544
44
2363
70
405
2160
832
1575
143
2934
55
2993
213
1852
802
1078
1216
838
487
186
223
311
2397
606
487
513
18
134
441
103
796
768
330
421
219
280
2691
2589
1423
13
14
2799
781
111
3147
1607
2190
1303
1560
2340
1971
1560
90
1242
2505
2799
1112
1266
230
1948
2160
469
2363
2255
2255
1371
2435
679
985
3106
382
1627
64
267
1517
662
423
2589
94
838
